Index File Name [/home/cf/workspace/ri/tp/files//index.txt] openned.
Initialization OK!
File [/home/cf/workspace/ri/tp/files//pagesRI0] openned.
1000;936;37864;6.33004
2000;1881;57765;5.76003
3000;2842;77233;6.54005
4000;3759;95441;6.11004
5000;4737;113115;6.26004
6000;5717;129030;5.78003
7000;6662;144871;6.36004
8000;7637;160488;6.17004
9000;8619;174983;6.58005
10000;9601;190118;6.92005
11000;10570;204364;6.15004
12000;11552;222580;6.91005
13000;12516;234486;6.66005
14000;13491;250553;6.72005
15000;14465;263158;6.33004
16000;15437;277696;6.67005
17000;16391;292831;6.50004
18000;17332;303557;6.02003
19000;18304;315372;6.53004
20000;19280;323535;14.5601
21000;20234;334114;6.72005
22000;21183;345185;6.43005
23000;22154;356754;6.66005
24000;23083;368295;6.31004
25000;24056;377809;6.60005
26000;25017;391546;6.48004
27000;25972;404447;6.31004
28000;26938;417085;6.82005
29000;27879;427829;6.60005
30000;28838;438470;6.95005
31000;29796;449143;6.62004
32000;30761;458959;6.24003
33000;31738;468577;7.08005
34000;32702;477396;6.55005
35000;33673;486914;7.20005
36000;34655;497672;7.11005
37000;35638;506510;15.2001
38000;36604;518123;6.80998
39000;37573;527905;7.11996
40000;38544;537348;6.61004
41000;39525;548404;6.60992
42000;40505;559976;6.8599
43000;41476;568445;6.14992
44000;42438;578720;6.74
45000;43370;588550;6.27001
46000;44316;599691;6.5
47000;45273;607738;6.84998
48000;46249;621402;7.17984
49000;47185;629280;6.45987
50000;48163;638134;7.01008
51000;49126;647923;6.79996
52000;50093;655455;6.69008
53000;51071;662939;15.1999
54000;52031;671616;6.77996
55000;53002;679988;6.63996
56000;53971;687374;6.10998
57000;54916;695328;6.33984
58000;55888;703751;7.54003
59000;56863;713178;6.8799
60000;57827;721436;7.09007
61000;58798;729353;6.99996
62000;59766;738125;7.06982
63000;60687;745658;6.61004
64000;61645;754467;6.1599
65000;62618;761652;6.92998
66000;63582;769603;6.47004
67000;64545;777661;6.4599
68000;65506;784884;6.24012
69000;66470;792442;6.5
70000;67433;799855;14.25
71000;68389;807072;6.68998
72000;69373;814555;7.18988
73000;70341;821511;6.72003
74000;71317;828063;7.35011
75000;72288;835367;6.84
76000;73246;842853;7.09997
77000;74228;849983;6.82003
78000;75200;859310;6.70028
79000;76156;867272;6.74989
80000;77134;875864;7.0398
81000;78099;882376;7.05984
82000;79068;889389;6.48992
83000;80048;898878;7.2
84000;81013;906867;7.12979
85000;82001;915698;6.70003
86000;82989;922512;6.68006
87000;83971;930055;14.8699
88000;84929;936349;6.75001
89000;85905;943389;6.11993
90000;86872;950400;6.20992
91000;87854;957828;7.06009
92000;88835;965583;7.11001
93000;89815;972538;6.64998
94000;90795;981081;6.85011
95000;91767;989236;6.37005
96000;92729;997482;6.67014
97000;93693;1003628;6.54003
98000;94653;1010167;6.68019
99000;95628;1017004;6.30995
100000;96568;1023981;6.76013
101000;97526;1030849;6.92998
102000;98513;1036409;6.7399
103000;99497;1044306;14.6998
104000;100478;1051076;6.50003
105000;101457;1059695;7
106000;102427;1066326;6.28992
107000;103401;1073320;5.83014
108000;104369;1079685;6.62989
109000;105351;1086463;6.90022
110000;106321;1093434;6.41005
111000;107274;1099763;6.31993
112000;108216;1107744;6.81011
113000;109201;1115879;6.89005
114000;110186;1122428;6.83987
115000;111169;1129159;7.31981
116000;112147;1135514;6.46976
117000;113135;1142796;6.75993
118000;114107;1149677;6.47014
119000;115094;1156603;6.58009
120000;116081;1163235;14.7299
121000;117065;1169663;6.4199
122000;118051;1176698;6.48
123000;119025;1183427;6.46029
124000;119984;1189772;6.56
125000;120945;1194642;6.37005
126000;121913;1200525;6.48006
127000;122885;1205983;6.57971
128000;123831;1211013;6.49017
129000;124772;1216972;6.4199
130000;125759;1222448;6.73005
131000;126746;1228695;6.74009
132000;127726;1234688;6.96985
133000;128702;1243566;7.19027
134000;129688;1249919;6.66016
135000;130651;1255393;6.64025
136000;131634;1262325;15.2502
137000;132609;1269162;7.06989
138000;133585;1274280;6.84006
139000;134541;1279360;6.69011
140000;135521;1284673;6.44992
141000;136505;1290726;6.4999
142000;137479;1297091;6.43993
143000;138454;1304440;6.64992
144000;139434;1311409;6.6999
145000;140409;1317771;6.7799
146000;141367;1323797;6.71993
147000;142302;1329190;5.69005
148000;143238;1334419;5.90989
149000;144129;1339250;5.67975
150000;145083;1343886;5.89005
151000;146051;1348137;6.01012
152000;147002;1353140;5.96992
153000;147961;1358869;6.46976
154000;148905;1363765;6.22989
155000;149868;1369216;14.7301
156000;150827;1374776;5.8802
157000;151794;1379712;6.21018
158000;152753;1383682;5.75028
159000;153690;1388668;5.98004
160000;154649;1393664;5.90964
161000;155611;1398769;6.00999
162000;156568;1403107;6.10983
163000;157535;1407180;6.51994
164000;158491;1410918;5.44013
165000;159454;1415037;6.00013
166000;160407;1419237;5.82976
167000;161336;1423558;5.71008
168000;162290;1427942;5.7001
169000;163247;1432298;5.85012
170000;164170;1438568;6.06016
171000;165146;1443629;6.33997
172000;166117;1447935;6.54016
173000;167052;1455834;6.42023
174000;168007;1460644;6.44032
175000;168973;1465999;14.3199
176000;169936;1470923;5.72967
177000;170903;1475991;6.04007
178000;171872;1483165;6.68007
179000;172832;1489298;6.17984
180000;173772;1493346;6.04992
181000;174732;1498696;7.16992
182000;175687;1504298;5.64992
183000;176645;1510340;6.66983
184000;177599;1516828;6.71987
185000;178555;1521340;6.71987
186000;179517;1527854;6.2002
187000;180485;1534412;6.31962
188000;181456;1538725;6.18983
189000;182440;1544325;6.59034
190000;183408;1549173;6.88986
191000;184370;1554041;6.54964
192000;185344;1559854;6.91021
193000;186274;1565660;14.1798
194000;187255;1570354;6.80013
195000;188217;1574978;6.39002
196000;189181;1580861;6.70016
197000;190165;1585802;6.76019
198000;191150;1590914;6.84019
199000;192107;1596699;6.78029
200000;193076;1601765;6.7497
201000;194053;1609352;6.57959
202000;195000;1614126;6.19008
203000;195974;1619996;6.82983
204000;196953;1625878;6.61031
205000;197921;1631802;6.64999
206000;198892;1637679;7.02029
207000;199850;1644803;6.38016
208000;200828;1650837;6.71975
209000;201809;1657175;7.30983
210000;202744;1661657;14.8899
211000;203711;1667040;6.66983
212000;204685;1671832;6.77018
213000;205665;1677569;7.18989
214000;206611;1683611;6.88013
215000;207563;1689600;6.71028
216000;208548;1693530;7.0697
217000;209521;1697847;6.56986
218000;210481;1702565;6.32973
219000;211437;1708066;6.66996
220000;212401;1712843;6.8
221000;213379;1718033;6.68007
222000;214343;1724942;6.72013
223000;215289;1730203;6.53978
224000;216249;1737285;6.6898
225000;217174;1741435;5.75975
226000;218154;1747208;7.17978
227000;219121;1752710;14.8901
228000;220110;1759463;6.8402
229000;221066;1763914;6.86016
230000;222032;1769056;7.00992
231000;222989;1774937;7.02029
232000;223951;1781861;6.29978
233000;224930;1786467;6.2002
234000;225902;1791588;6.59008
235000;226871;1795969;6.56
236000;227845;1800068;6.71987
237000;228823;1804007;7.15008
238000;229776;1808851;6.27994
239000;230746;1815776;7.4601
240000;231621;1820193;5.93012
241000;232592;1825044;6.69018
242000;233561;1829546;6.48986
243000;234534;1833718;6.49024
244000;235507;1839491;15.52
245000;236484;1845717;6.66995
246000;237473;1853172;6.99981
247000;238447;1858362;6.7602
248000;239409;1863772;6.64999
249000;240378;1867321;6.64948
250000;241331;1872651;5.7298
251000;242310;1877383;6.83981
252000;243281;1882218;7.2201
253000;244209;1886737;6.22004
254000;245192;1891914;6.83981
255000;246168;1896684;6.8402
256000;247144;1902741;6.8
257000;248126;1908370;6.93018
258000;249102;1914737;7.29971
259000;250074;1919824;7.01005
260000;251045;1925142;15.5702
261000;252020;1932199;7.57991
262000;253002;1937191;6.85952
263000;253967;1944051;7.07034
264000;254923;1949624;6.86989
265000;255887;1955295;6.72999
266000;256847;1960909;7.37997
267000;257825;1967219;7.19987
268000;258805;1971056;6.45018
269000;259787;1975848;7.40019
270000;260771;1981870;7.01031
271000;261751;1986970;6.85031
272000;262713;1992004;6.61018
273000;263695;1997310;6.99994
274000;264645;2001297;6.43008
275000;265603;2006201;6.60007
276000;266543;2011230;14.7798
277000;267492;2015950;6.6601
278000;268468;2022089;6.14989
279000;269426;2026826;5.92
280000;270390;2033206;7.62995
281000;271362;2037175;6.08052
282000;272333;2041242;7.18925
283000;273275;2046821;6.62976
284000;274247;2051751;7.50003
285000;275219;2057252;6.16026
286000;276174;2062846;6.18023
287000;277143;2071743;6.32948
288000;278115;2077664;6.37978
289000;279082;2082178;6.3602
290000;280044;2087668;6.41972
291000;281014;2092850;6.81997
292000;281989;2098290;6.61005
293000;282965;2103389;14.5604
294000;283921;2107870;7.65991
295000;284892;2112913;6.84033
296000;285839;2116846;5.70036
297000;286772;2122511;6.15988
298000;287702;2127351;6.10996
299000;288643;2131786;6.29966
300000;289614;2136322;5.85038
301000;290556;2140677;6.13966
302000;291510;2143893;6.34036
303000;292477;2148377;7.07995
304000;293442;2152272;6.08999
305000;294413;2156380;6.39028
306000;295390;2160514;7.35028
307000;296361;2164530;6.53006
308000;297335;2168594;6.33959
309000;298298;2173139;6.74971
310000;299248;2177292;6.13991
311000;300220;2181446;6.40027
312000;301194;2185651;14.6401
313000;302173;2189730;6.75047
314000;303124;2193156;6.04955
315000;304090;2197067;6.23003
316000;305059;2201056;6.49038
317000;306028;2205492;6.62017
318000;307000;2210427;6.7602
319000;307962;2215050;6.15988
320000;308927;2220368;6.6299
321000;309884;2225151;6.5298
322000;310848;2229607;6.29991
323000;311814;2234195;6.33934
File [/home/cf/workspace/ri/tp/files//pagesRI0] closed.
File [/home/cf/workspace/ri/tp/files//pagesRI1] openned.
begin [0] end[4524]
324000;312740;2238409;6.26868
325000;313696;2242988;6.59022
326000;314655;2246845;6.26023
327000;315622;2250701;6.90996
328000;316590;2256276;6.53006
329000;317569;2261675;14.9804
330000;318541;2266737;6.65038
331000;319483;2271009;6.41051
332000;320452;2276169;6.48014
333000;321413;2280956;6.57972
334000;322379;2285643;7.01057
335000;323354;2290011;6.48014
336000;324309;2294616;6.37953
337000;325280;2300728;6.88974
338000;326235;2305627;6.7003
339000;327197;2310812;6.62017
340000;328165;2315554;6.74049
341000;329128;2320147;6.83956
342000;330114;2325178;6.81934
343000;331083;2329396;6.8795
344000;332052;2333597;6.73051
345000;333017;2337286;6.75048
346000;333974;2341870;15.1396
347000;334919;2346582;6.57972
348000;335866;2350613;7.00904
349000;336834;2354202;6.5403
350000;337805;2358706;6.37031
351000;338780;2363513;6.85006
352000;339756;2368341;7.0692
353000;340717;2373062;6.67956
354000;341700;2377939;6.72974
355000;342684;2382778;6.67956
356000;343612;2388485;6.45044
357000;344586;2393700;6.63988
358000;345568;2398093;6.36033
359000;346538;2402586;7.14011
360000;347515;2408593;6.87028
361000;348487;2412806;6.66036
362000;349463;2416395;6.48014
363000;350433;2420423;15.1798
364000;351409;2424503;6.85006
365000;352376;2428699;6.6002
366000;353345;2432504;6.54004
367000;354312;2435847;6.32039
368000;355258;2440335;6.82984
369000;356220;2444772;6.6299
370000;357181;2449011;6.38004
371000;358155;2455135;6.57998
372000;359107;2459984;6.87028
373000;360066;2465565;6.86004
374000;361047;2469700;6.81012
375000;362020;2473521;6.85006
376000;362977;2479013;7.12935
377000;363947;2483985;6.93889
378000;364906;2487912;7.27937
379000;365882;2491953;7.04027
380000;366841;2496097;15.4701
381000;367800;2500354;6.85927
382000;368751;2505720;6.50036
383000;369705;2509747;6.3291
384000;370670;2513759;6.84008
385000;371637;2517036;6.88001
386000;372622;2520446;6.58996
387000;373600;2524620;6.7899
388000;374579;2529146;7.06971
389000;375562;2533853;6.88923
390000;376540;2538187;6.90996
391000;377518;2541565;7.32008
392000;378483;2545826;7.21972
393000;379452;2550865;6.89998
394000;380438;2555345;6.81038
395000;381420;2559398;7.00033
396000;382388;2563593;7.09044
397000;383362;2569220;15.0001
398000;384338;2574269;6.51009
399000;385315;2579140;7.1803
400000;386290;2583099;7.53998
401000;387269;2587835;7.89992
402000;388251;2592452;8.08014
403000;389223;2597709;7.43016
404000;390192;2602119;7.23995
405000;391177;2606794;6.83009
406000;392153;2610792;6.97985
407000;393129;2615372;7.09992
408000;394096;2619408;6.57947
409000;395068;2623718;6.88052
410000;396012;2628216;6.6898
411000;396983;2633288;7.39969
412000;397964;2638341;7.43988
413000;398931;2643087;15.5604
414000;399903;2646070;6.96065
415000;400874;2650001;6.49985
416000;401837;2654302;6.93992
417000;402817;2659039;7.56968
418000;403787;2663975;7.28987
419000;404752;2667939;6.65012
420000;405735;2672014;6.92993
421000;406714;2675869;6.58023
422000;407690;2679689;6.68008
423000;408669;2684341;6.62964
424000;409636;2688178;6.71003
425000;410599;2692030;6.9604
426000;411581;2695651;6.82984
427000;412566;2699562;6.57972
428000;413534;2703552;5.96046
429000;414476;2707653;5.76974
430000;415424;2711272;14.6898
431000;416383;2714483;5.70958
432000;417321;2717752;5.7001
433000;418268;2720551;5.83988
434000;419233;2723894;6.17985
435000;420198;2726938;6.2802
436000;421054;2729977;5.22983
437000;421982;2733546;5.65966
438000;422914;2736319;5.64993
439000;423869;2738897;5.69012
440000;424821;2741641;5.44001
441000;425791;2745523;6.16961
442000;426734;2748679;5.82938
443000;427686;2751713;5.87956
444000;428646;2755597;5.66017
445000;429603;2759658;6.01012
446000;430574;2762633;6.15988
447000;431536;2766316;6.06004
448000;432493;2769866;6.25998
449000;433462;2774002;5.9003
450000;434428;2778373;6.33959
451000;435399;2782412;6.59995
452000;436359;2786133;6.17985
453000;437306;2789777;14.3601
454000;438272;2793670;5.92001
455000;439232;2797635;6.07003
456000;440199;2801511;6.2802
457000;441153;2805802;6.15963
458000;442106;2809477;6.27969
459000;443018;2813834;6.04033
460000;443990;2818823;6.68033
461000;444930;2821368;5.99041
462000;445897;2824534;6.11022
463000;446855;2828987;6.55975
464000;447790;2832761;6.57998
465000;448698;2836589;6.59969
466000;449666;2840027;6.66958
467000;450638;2843531;7.07969
468000;451607;2847264;6.95963
469000;452517;2850537;5.9195
470000;453452;2854403;5.94049
471000;454431;2858703;15.2202
472000;455404;2862647;6.32039
473000;456385;2866775;6.64014
474000;457351;2870159;6.57025
475000;458315;2873651;6.77019
476000;459292;2877083;6.61044
477000;460269;2880750;6.6299
478000;461232;2884391;6.46043
479000;462214;2889942;7.03028
480000;463187;2893877;7.16904
481000;464144;2897309;6.52007
482000;465097;2901218;6.36033
483000;466070;2904314;6.88923
484000;467038;2908210;6.8795
485000;467990;2912876;7.09992
486000;468905;2916435;6.51009
487000;469858;2920507;7.0098
488000;470837;2925007;15.6902
489000;471819;2929770;6.77044
490000;472799;2933081;6.94964
491000;473764;2937033;6.54004
492000;474682;2941428;6.50011
493000;475650;2945484;6.55975
494000;476619;2949773;6.22004
495000;477585;2954917;6.27969
496000;478559;2959200;6.32014
497000;479532;2962819;6.59995
498000;480517;2967438;6.89051
499000;481475;2971684;6.96014
500000;482448;2976232;6.76993
501000;483417;2979898;6.63988
502000;484366;2984577;6.36955
503000;485352;2988333;6.52929
504000;486319;2993148;6.75047
505000;487302;2998726;15.3004
506000;488267;3002446;6.59022
507000;489242;3007463;6.81064
508000;490200;3011510;6.40974
509000;491159;3014720;6.15015
510000;492115;3019433;7.23048
511000;493091;3023173;6.79988
512000;494072;3027434;7.05025
513000;495049;3031618;6.68007
514000;496017;3036569;6.60967
515000;496986;3041190;6.59995
516000;497952;3045458;6.84008
517000;498921;3048941;6.45991
518000;499891;3052584;6.36955
519000;500869;3057446;6.90996
520000;501840;3061293;6.89
521000;502827;3065037;6.77044
522000;503812;3069362;15.84
523000;504790;3073498;7.18977
524000;505767;3079348;7.05972
525000;506756;3084811;7.15982
526000;507732;3088816;7.08993
527000;508714;3093424;7.13038
528000;509685;3097455;6.56027
529000;510657;3101983;6.7602
530000;511639;3105570;6.58049
531000;512616;3108633;6.56001
532000;513597;3112482;6.00987
533000;514551;3117697;6.55003
534000;515531;3123102;7.01006
535000;516508;3127318;7.07969
536000;517484;3131190;6.79963
537000;518460;3137000;15.5003
538000;519445;3141444;7.00008
539000;520414;3146074;6.76916
540000;521369;3150009;6.54977
541000;522353;3155585;7.15009
542000;523327;3160298;6.74996
543000;524310;3164585;6.34011
544000;525242;3167946;6.39054
545000;526211;3172520;6.4699
546000;527166;3178217;6.30964
547000;528136;3181793;6.56001
548000;529105;3186344;6.24052
549000;530073;3189565;6.51982
550000;531039;3194665;6.91995
551000;531974;3199910;6.3099
552000;532919;3205071;6.51009
553000;533852;3207918;5.54036
554000;534816;3211955;6.10996
555000;535780;3216267;15.1101
556000;536733;3219737;6.2203
557000;537699;3223598;6.57025
558000;538651;3227600;6.03009
559000;539613;3230667;6.10996
560000;540570;3234142;6.20033
561000;541531;3237797;6.44993
562000;542476;3241624;6.50036
563000;543434;3245089;6.35009
564000;544396;3248513;6.63988
565000;545368;3252016;6.44967
566000;546348;3256278;6.42023
567000;547313;3260354;6.43022
568000;548279;3264681;6.23028
569000;549214;3269738;6.00961
570000;550194;3273454;6.10996
571000;551163;3277120;6.6002
572000;552133;3281189;6.58023
573000;553059;3285096;6.2203
574000;554010;3288605;14.8398
575000;554954;3291936;5.77025
576000;555888;3295260;6.15015
577000;556832;3298841;6.21031
578000;557788;3302408;6.29991
579000;558737;3306931;6.42971
580000;559692;3310704;6.17063
581000;560658;3315073;6.50983
582000;561612;3318729;6.41947
583000;562566;3323226;6.00014
584000;563521;3327347;6.21057
585000;564496;3330589;6.56027
586000;565453;3334664;6.40999
587000;566402;3338942;6.63015
588000;567372;3342530;6.33038
589000;568352;3345662;6.37006
590000;569312;3350067;6.63169
591000;570275;3354166;6.64833
592000;571241;3357551;14.8613
593000;572187;3362254;6.62887
594000;573162;3366511;6.49012
595000;574143;3370449;6.22797
596000;575105;3373293;6.45274
597000;576079;3377313;6.36877
598000;577047;3382551;7.11988
599000;578020;3386349;6.81831
600000;578997;3389818;6.43892
601000;579969;3393060;6.32833
602000;580912;3395506;5.65965
603000;581869;3399000;6.73946
604000;582825;3403256;6.29914
605000;583789;3407395;6.38977
606000;584753;3412229;6.6386
607000;585716;3416087;6.37901
608000;586679;3419473;6.34881
609000;587651;3422766;14.2193
610000;588622;3426289;6.70823
611000;589585;3430165;6.93146
612000;590548;3433223;6.30068
613000;591522;3436516;6.93863
614000;592495;3440510;6.91047
615000;593480;3443711;6.84903
616000;594454;3447064;6.38004
617000;595409;3451265;6.58996
618000;596385;3454815;6.40205
619000;597369;3457804;6.58945
620000;598336;3460953;6.37748
621000;599310;3465538;6.20954
622000;600287;3469191;6.43841
623000;601273;3473896;6.71386
624000;602256;3477542;6.55873
625000;603233;3481252;6.63911
626000;604188;3485970;14.9704
627000;605160;3490222;6.60993
628000;606134;3494821;6.66983
629000;607118;3499103;6.68007
630000;608075;3503916;6.74049
631000;609042;3507937;6.64167
632000;610018;3512834;6.73076
633000;610997;3517125;6.68058
634000;611967;3521961;7.2018
635000;612930;3525555;6.54029
636000;613903;3529257;6.79885
637000;614822;3532005;5.88186
638000;615780;3534598;5.62996
639000;616721;3537544;6.54951
640000;617700;3540330;6.07847
641000;618641;3542832;6.48909
642000;619613;3545663;6.34164
643000;620594;3549225;15.5003
644000;621542;3552799;6.0498
645000;622507;3555915;6.69901
646000;623472;3559048;6.84954
647000;624445;3561939;6.74049
648000;625402;3564419;6.41946
File [/home/cf/workspace/ri/tp/files//pagesRI1] closed.
File [/home/cf/workspace/ri/tp/files//pagesRI2] openned.
begin [0] end[5872]
649000;626361;3567440;6.27969
650000;627338;3569844;6.36212
651000;628283;3572201;6.35085
652000;629258;3575439;6.56897
653000;630201;3577913;6.09178
654000;631176;3581488;6.47015
655000;632131;3584778;6.20033
656000;633088;3587505;6.69031
657000;634028;3590423;6.51777
658000;634987;3593088;6.21108
659000;635960;3595871;6.17985
660000;636925;3598341;6.62836
661000;637901;3601165;15.0697
662000;638872;3604426;6.96833
663000;639840;3607618;6.92839
664000;640815;3611063;6.91917
665000;641774;3614595;6.68058
666000;642741;3618669;7.02977
667000;643691;3621886;6.33293
668000;644665;3625605;6.97089
669000;645642;3628165;6.48961
670000;646614;3631227;6.40052
671000;647561;3634928;6.46708
672000;648503;3637814;6.35393
673000;649465;3641857;6.93966
674000;650439;3645672;6.97089
675000;651418;3648459;6.74049
676000;652346;3651874;6.64167
677000;653327;3655074;7.31085
678000;654287;3658216;15.3283
679000;655259;3661864;6.69697
680000;656223;3664884;6.26996
681000;657198;3668785;7.05025
682000;658154;3672470;6.58996
683000;659126;3675769;7.0185
684000;660105;3678463;6.92071
685000;661061;3681715;7.10093
686000;662005;3685200;6.1609
687000;662972;3687762;6.56948
688000;663941;3692416;6.64986
689000;664913;3695493;6.39028
690000;665875;3698327;6.52084
691000;666845;3701096;6.02829
692000;667797;3704901;6.46964
693000;668760;3707993;6.85057
694000;669727;3710219;14.9811
695000;670697;3713390;7.1209
696000;671661;3716529;7.05076
697000;672616;3719714;7.24788
698000;673594;3722614;6.57153
699000;674553;3726201;6.71182
700000;675524;3728912;6.56026
701000;676494;3731496;6.17831
702000;677455;3734364;6.44045
703000;678404;3738236;6.35034
704000;679358;3741884;7.03949
705000;680317;3744286;6.16756
706000;681260;3747489;6.07028
707000;682192;3750091;5.63047
708000;683149;3752785;6.24077
709000;684111;3755607;6.5618
710000;685073;3758372;6.13069
711000;686020;3761703;6.23872
712000;686986;3764699;15.2817
713000;687944;3767416;6.34983
714000;688904;3770151;5.9904
715000;689875;3773611;6.44045
716000;690850;3776916;6.41025
717000;691806;3780212;6.22029
718000;692770;3783365;6.34164
719000;693736;3787088;6.37901
720000;694716;3790220;6.75073
721000;695680;3793861;6.58023
722000;696645;3797035;6.64013
723000;697621;3800473;6.83981
724000;698561;3803550;5.74976
725000;699517;3806193;6.1609
726000;700472;3808592;6.83111
727000;701426;3811839;5.89056
728000;702358;3815280;6.07028
729000;703319;3818820;6.33908
730000;704276;3821358;6.0201
731000;705235;3824210;14.9018
732000;706202;3827090;6.48141
733000;707162;3830774;6.6898
734000;708120;3833902;6.41229
735000;709083;3836544;6.01754
736000;710052;3839643;6.58842
737000;711017;3842777;6.70004
738000;711976;3845534;6.51981
739000;712950;3849781;6.43994
740000;713926;3852451;6.73281
741000;714870;3856148;6.5193
742000;715853;3859172;6.69031
743000;716804;3862790;6.77223
744000;717760;3865932;6.47937
745000;718731;3869683;6.58842
746000;719698;3872716;6.47066
747000;720670;3876015;7.11066
748000;721636;3880318;15.8188
749000;722613;3883279;6.27815
750000;723586;3885822;7.03182
751000;724547;3888826;6.34829
752000;725521;3891889;6.60122
753000;726492;3895826;6.75994
754000;727467;3898721;6.62068
755000;728431;3901852;6.59149
756000;729406;3905057;6.67086
757000;730367;3907900;6.75073
758000;731346;3910547;6.98164
759000;732332;3913604;6.77889
760000;733307;3916424;6.27201
761000;734295;3918966;6.65857
762000;735277;3922556;6.62887
763000;736260;3925191;6.43124
764000;737216;3928669;6.49063
765000;738190;3932197;15.2387
766000;739168;3936486;7.57966
767000;740141;3941017;6.61044
768000;741125;3944348;6.51981
769000;742101;3948121;6.11994
770000;743076;3951902;6.51981
771000;744057;3955631;6.81063
772000;745030;3959061;6.8306
773000;745999;3962909;6.51111
774000;746976;3965955;7.16033
775000;747948;3969179;6.60941
776000;748929;3971398;6.32065
777000;749888;3974645;6.69082
778000;750853;3977446;6.22951
779000;751810;3980275;6.56897
780000;752744;3983053;6.02983
781000;753704;3986090;6.23156
782000;754662;3988706;14.3483
783000;755633;3991706;6.90023
784000;756606;3994727;6.35034
785000;757558;3997606;6.13121
786000;758519;4000139;6.06976
787000;759474;4003708;5.96993
788000;760430;4006311;6.28071
789000;761399;4009000;6.41127
790000;762362;4011663;6.35034
791000;763335;4014433;6.05031
792000;764284;4017097;6.24999
793000;765248;4020673;6.20186
794000;766214;4023940;6.43073
795000;767178;4026687;6.21005
796000;768134;4029320;6.87975
797000;769092;4031829;6.24897
798000;770059;4034550;6.53159
799000;771006;4038088;6.22029
800000;771925;4040922;5.96122
801000;772859;4043944;14.7103
802000;773811;4046399;6.66113
803000;774769;4048623;6.52954
804000;775710;4051663;6.22797
805000;776664;4055565;6.67853
806000;777629;4058570;6.77786
807000;778605;4061162;6.63092
808000;779577;4064720;6.45121
809000;780527;4068414;6.43943
810000;781501;4071559;6.35085
811000;782480;4074869;6.75073
812000;783443;4077830;6.45018
813000;784397;4080659;6.30017
814000;785367;4083290;6.47015
815000;786295;4086202;6.31041
816000;787257;4088823;6.97754
817000;788207;4091916;6.53722
818000;789170;4095329;6.46861
819000;790145;4097989;14.6084
820000;791120;4100714;6.30836
821000;792085;4104328;6.71028
822000;793051;4107251;6.32065
823000;794019;4110163;6.3698
824000;794994;4114023;7.01082
825000;795930;4116901;6.35956
826000;796884;4120622;6.87002
827000;797851;4123743;6.38004
828000;798810;4126492;6.47988
829000;799791;4129902;6.44967
830000;800762;4133381;6.81933
831000;801740;4135959;6.67086
832000;802717;4138571;6.64116
833000;803696;4142331;6.57255
834000;804669;4145582;7.13012
835000;805641;4148083;14.5695
836000;806613;4151368;6.84903
837000;807593;4155070;7.36103
838000;808525;4157913;5.75181
839000;809470;4160272;5.6105
840000;810421;4162243;5.48148
841000;811373;4164415;5.66016
842000;812317;4166981;5.65146
843000;813259;4169026;5.58848
844000;814212;4171619;5.65863
845000;815166;4173764;5.73031
846000;816123;4176313;5.50912
847000;817083;4178274;5.53933
848000;818041;4180328;5.88954
849000;818974;4182553;5.53933
850000;819932;4185886;5.96941
851000;820880;4187911;5.85114
852000;821830;4190921;5.76
853000;822785;4193350;5.95968
854000;823727;4195697;5.57876
855000;824679;4198132;5.99143
856000;825638;4200503;5.80916
857000;826595;4203601;6.44916
858000;827556;4206428;14.3196
859000;828524;4209020;6.27098
860000;829498;4211704;6.0882
861000;830467;4214341;6.16807
862000;831424;4217081;5.92999
863000;832370;4220599;5.94944
864000;833338;4223870;6.14964
865000;834304;4226214;6.25101
866000;835254;4229451;6.13991
867000;836218;4233168;6.63962
868000;837181;4235592;6.27047
869000;838127;4238578;6.16141
870000;839088;4242259;6.71079
871000;840042;4245216;6.58228
872000;841020;4247839;6.29146
873000;841988;4250225;6.49933
874000;842959;4253507;6.66061
875000;843913;4255483;6.1394
876000;844898;4259125;15.2207
877000;845860;4261441;6.62836
878000;846829;4264212;6.95143
879000;847797;4267603;6.71181
880000;848763;4270226;6.59047
881000;849722;4273591;6.80961
882000;850699;4276575;7.13934
883000;851667;4280160;6.90074
884000;852625;4283691;6.73997
885000;853570;4286482;6.36109
886000;854545;4289799;6.87053
887000;855524;4292728;6.91047
888000;856493;4295436;6.46145
889000;857469;4298143;6.75841
890000;858436;4301607;6.79988
891000;859418;4306055;6.84033
892000;860392;4309312;6.64986
893000;861363;4312258;15.0118
894000;862327;4316017;6.56999
895000;863297;4318917;6.83111
896000;864281;4322465;6.85005
897000;865246;4325898;7.3001
898000;866214;4329044;6.33242
899000;867182;4332793;6.83981
900000;868151;4336188;6.64167
901000;869116;4338671;6.74049
902000;870093;4341678;6.72973
903000;871070;4345363;6.87002
904000;872027;4348420;6.8905
905000;872997;4350778;6.88026
906000;873983;4353791;6.8818
907000;874948;4356885;7.75937
908000;875930;4360446;6.90893
909000;876921;4363230;14.85
910000;877889;4367660;7.02925
911000;878865;4371215;6.88385
912000;879849;4375007;6.88077
913000;880812;4377516;6.46145
914000;881777;4381173;7.29191
915000;882759;4384196;7.00878
916000;883737;4386967;6.58893
917000;884707;4390056;6.43994
918000;885687;4393141;6.80909
919000;886645;4397294;6.75943
920000;887626;4400934;6.55975
921000;888596;4404748;6.42919
922000;889570;4408570;7.28935
923000;890543;4412990;6.50138
924000;891516;4416345;7.02977
925000;892495;4419666;15.4609
926000;893470;4423526;6.41997
927000;894449;4426291;6.46964
928000;895407;4431231;6.67956
929000;896391;4435113;6.73793
930000;897357;4438228;6.81114
931000;898327;4441699;6.43892
932000;899316;4444671;6.58125
933000;900302;4447600;6.86286
934000;901277;4451517;6.33959
935000;902250;4455625;6.96986
936000;903232;4459596;6.82087
937000;904204;4463626;6.6514
938000;905190;4468789;7.02055
939000;906157;4472845;7.30062
940000;907123;4476759;6.66983
941000;908097;4480533;15.3201
942000;909080;4485241;6.66932
943000;910054;4489555;6.869
944000;911021;4492721;6.2802
945000;911981;4496147;6.50752
******************************
Num docs: 945643
Indexed docs: 912609
Vocabulary size: 4498264
Num terms: 455359679
******************************

*** MERGE time: 479.07 second(s)***

*** Total time: 7372.5 second(s)***
