Index File Name [/home/cf/workspace/ri/tp/files//index.txt] openned.
Initialization OK!
File [/home/cf/workspace/ri/tp/files//pagesRI0] openned.
1000;936;37864;6.41004
2000;1881;57765;5.76003
3000;2842;77233;7.47006
4000;3759;95441;7.14005
5000;4737;113115;7.04005
6000;5717;129030;6.54004
7000;6662;144871;6.89005
8000;7637;160488;6.59004
9000;8619;174983;6.86005
10000;9601;190118;6.93005
11000;10570;204364;6.35004
12000;11552;222580;7.16005
13000;12516;234486;6.76005
14000;13491;250553;6.68004
15000;14465;263158;6.60005
16000;15437;277696;6.68005
17000;16391;292831;6.50004
18000;17332;303557;5.97004
19000;18304;315372;6.80005
20000;19280;323535;14.7301
21000;20234;334114;6.73005
22000;21183;345185;6.75005
23000;22154;356754;7.04005
24000;23083;368295;6.31004
25000;24056;377809;6.70005
26000;25017;391546;6.58004
27000;25972;404447;6.36004
28000;26938;417085;6.94005
29000;27879;427829;7.02005
30000;28838;438470;7.73006
31000;29796;449143;6.77005
32000;30761;458959;6.31004
33000;31738;468577;7.34005
34000;32702;477396;6.78005
35000;33673;486914;7.19006
36000;34655;497672;7.03005
37000;35638;506510;15.3901
38000;36604;518123;6.98991
39000;37573;527905;7.12
40000;38544;537348;6.63007
41000;39525;548404;6.57011
42000;40505;559976;6.80016
43000;41476;568445;6.10003
44000;42438;578720;6.6398
45000;43370;588550;6.10006
46000;44316;599691;6.46006
47000;45273;607738;6.86995
48000;46249;621402;7.17001
49000;47185;629280;6.47004
50000;48163;638134;7.01977
51000;49126;647923;6.73004
52000;50093;655455;6.61001
53000;51071;662939;15.25
54000;52031;671616;7.08995
55000;53002;679988;6.52995
56000;53971;687374;6.07004
57000;54916;695328;6.23993
58000;55888;703751;7.53011
59000;56863;713178;6.93001
60000;57827;721436;7.02006
61000;58798;729353;6.96988
62000;59766;738125;7.07004
63000;60687;745658;6.66003
64000;61645;754467;6.20009
65000;62618;761652;6.78995
66000;63582;769603;6.45001
67000;64545;777661;6.45004
68000;65506;784884;6.22003
69000;66470;792442;6.56
70000;67433;799855;14.2601
71000;68389;807072;6.55004
72000;69373;814555;7.04006
73000;70341;821511;6.52012
74000;71317;828063;7.36012
75000;72288;835367;6.92
76000;73246;842853;7.02995
77000;74228;849983;6.81011
78000;75200;859310;6.64025
79000;76156;867272;7.01984
80000;77134;875864;7.02989
81000;78099;882376;6.95014
82000;79068;889389;6.53011
83000;80048;898878;7.22003
84000;81013;906867;7.17984
85000;82001;915698;6.82016
86000;82989;922512;6.81005
87000;83971;930055;14.9999
88000;84929;936349;6.72
89000;85905;943389;6.09024
90000;86872;950400;6.3799
91000;87854;957828;7.23987
92000;88835;965583;7.25996
93000;89815;972538;6.81005
94000;90795;981081;7.13996
95000;91767;989236;6.55993
96000;92729;997482;6.87008
97000;93693;1003628;6.61997
98000;94653;1010167;6.83001
99000;95628;1017004;6.44006
100000;96568;1023981;6.88
101000;97526;1030849;7.12
102000;98513;1036409;6.90016
103000;99497;1044306;15.24
104000;100478;1051076;6.67001
105000;101457;1059695;7.16
106000;102427;1066326;6.31014
107000;103401;1073320;6.08985
108000;104369;1079685;6.73024
109000;105351;1086463;7.03001
110000;106321;1093434;6.67974
111000;107274;1099763;6.50995
112000;108216;1107744;6.91001
113000;109201;1115879;7.02976
114000;110186;1122428;6.8302
115000;111169;1129159;7.5399
116000;112147;1135514;6.62995
117000;113135;1142796;6.92006
118000;114107;1149677;6.57005
119000;115094;1156603;6.82009
120000;116081;1163235;14.9599
121000;117065;1169663;6.39993
122000;118051;1176698;6.34995
123000;119025;1183427;6.42995
124000;119984;1189772;6.50989
125000;120945;1194642;6.43993
126000;121913;1200525;6.74009
127000;122885;1205983;6.48019
128000;123831;1211013;6.48013
129000;124772;1216972;6.41017
130000;125759;1222448;6.62995
131000;126746;1228695;6.70016
132000;127726;1234688;6.98003
133000;128702;1243566;7.26016
134000;129688;1249919;6.70989
135000;130651;1255393;6.68979
136000;131634;1262325;15.3901
137000;132609;1269162;7.00998
138000;133585;1274280;6.86009
139000;134541;1279360;6.60006
140000;135521;1284673;6.4199
141000;136505;1290726;6.32006
142000;137479;1297091;6.55993
143000;138454;1304440;6.69984
144000;139434;1311409;6.63993
145000;140409;1317771;6.74009
146000;141367;1323797;6.56986
147000;142302;1329190;5.68026
148000;143238;1334419;5.98016
149000;144129;1339250;5.71008
150000;145083;1343886;6.01984
151000;146051;1348137;6.16999
152000;147002;1353140;6.13991
153000;147961;1358869;6.55988
154000;148905;1363765;6.48
155000;149868;1369216;15.0003
156000;150827;1374776;6.08
157000;151794;1379712;6.25984
158000;152753;1383682;5.79008
159000;153690;1388668;5.98004
160000;154649;1393664;6.10023
161000;155611;1398769;6.04992
162000;156568;1403107;6.26023
163000;157535;1407180;6.54016
164000;158491;1410918;5.44999
165000;159454;1415037;5.98042
166000;160407;1419237;6.01012
167000;161336;1423558;5.89018
168000;162290;1427942;5.85997
169000;163247;1432298;6.00999
170000;164170;1438568;6.24039
171000;165146;1443629;6.42996
172000;166117;1447935;6.69031
173000;167052;1455834;6.58983
174000;168007;1460644;6.43994
175000;168973;1465999;14.4302
176000;169936;1470923;5.82976
177000;170903;1475991;6.23002
178000;171872;1483165;6.81972
179000;172832;1489298;6.26023
180000;173772;1493346;6.33984
181000;174732;1498696;7.13984
182000;175687;1504298;5.76
183000;176645;1510340;6.83994
184000;177599;1516828;6.93978
185000;178555;1521340;6.83994
186000;179517;1527854;6.40039
187000;180485;1534412;6.52941
188000;181456;1538725;6.27021
189000;182440;1544325;6.71015
190000;183408;1549173;6.67968
191000;184370;1554041;6.56999
192000;185344;1559854;6.82996
193000;186274;1565660;14.1804
194000;187255;1570354;6.85965
195000;188217;1574978;6.36992
196000;189181;1580861;6.64
197000;190165;1585802;6.69991
198000;191150;1590914;6.63015
199000;192107;1596699;6.61005
200000;193076;1601765;6.7401
201000;194053;1609352;6.57024
202000;195000;1614126;6.3698
203000;195974;1619996;6.71002
204000;196953;1625878;6.59008
205000;197921;1631802;6.54004
206000;198892;1637679;6.81011
207000;199850;1644803;6.23002
208000;200828;1650837;6.70964
209000;201809;1657175;7.22983
210000;202744;1661657;14.8698
211000;203711;1667040;6.75981
212000;204685;1671832;6.73984
213000;205665;1677569;6.99981
214000;206611;1683611;6.9202
215000;207563;1689600;6.71015
216000;208548;1693530;7.12013
217000;209521;1697847;6.65024
218000;210481;1702565;6.59994
219000;211437;1708066;6.59994
220000;212401;1712843;6.93952
221000;213379;1718033;6.79027
222000;214343;1724942;6.65997
223000;215289;1730203;6.64013
224000;216249;1737285;6.80999
225000;217174;1741435;5.75028
226000;218154;1747208;7.2096
227000;219121;1752710;14.9902
228000;220110;1759463;6.85991
229000;221066;1763914;6.83981
230000;222032;1769056;6.76007
231000;222989;1774937;7.13011
232000;223951;1781861;6.2697
233000;224930;1786467;6.10983
234000;225902;1791588;6.7497
235000;226871;1795969;6.48999
236000;227845;1800068;6.53031
237000;228823;1804007;6.97997
238000;229776;1808851;6.07015
239000;230746;1815776;7.27002
240000;231621;1820193;5.83002
241000;232592;1825044;6.65984
242000;233561;1829546;6.48026
243000;234534;1833718;6.49997
244000;235507;1839491;15.22
245000;236484;1845717;6.45978
246000;237473;1853172;6.7401
247000;238447;1858362;6.66036
248000;239409;1863772;6.54989
249000;240378;1867321;6.59021
250000;241331;1872651;5.62023
251000;242310;1877383;6.77018
252000;243281;1882218;7.07021
253000;244209;1886737;6.16986
254000;245192;1891914;6.51021
255000;246168;1896684;6.67008
256000;247144;1902741;6.55988
257000;248126;1908370;6.8297
258000;249102;1914737;7.25018
259000;250074;1919824;7.01978
260000;251045;1925142;15.0703
261000;252020;1932199;7.41005
262000;253002;1937191;6.82996
263000;253967;1944051;7.07981
264000;254923;1949624;6.95015
265000;255887;1955295;6.66957
266000;256847;1960909;7.30957
267000;257825;1967219;7.25991
268000;258805;1971056;6.40973
269000;259787;1975848;7.40992
270000;260771;1981870;6.96026
271000;261751;1986970;6.98957
272000;262713;1992004;6.64013
273000;263695;1997310;7.17991
274000;264645;2001297;6.45005
275000;265603;2006201;6.81971
276000;266543;2011230;14.8298
277000;267492;2015950;6.65012
278000;268468;2022089;6.31002
279000;269426;2026826;6.06016
280000;270390;2033206;7.77011
281000;271362;2037175;6.32026
282000;272333;2041242;7.39021
283000;273275;2046821;6.7497
284000;274247;2051751;7.59053
285000;275219;2057252;6.2802
286000;276174;2062846;6.18957
287000;277143;2071743;6.56013
288000;278115;2077664;6.53991
289000;279082;2082178;6.68007
290000;280044;2087668;6.64999
291000;281014;2092850;7.07994
292000;281989;2098290;6.81011
293000;282965;2103389;14.9601
294000;283921;2107870;7.7499
295000;284892;2112913;6.98036
296000;285839;2116846;5.81966
297000;286772;2122511;6.25025
298000;287702;2127351;6.40999
299000;288643;2131786;6.6002
300000;289614;2136322;5.97044
301000;290556;2140677;6.27022
302000;291510;2143893;6.42996
303000;292477;2148377;7.05972
304000;293442;2152272;6.29991
305000;294413;2156380;6.48014
306000;295390;2160514;7.44014
307000;296361;2164530;6.95988
308000;297335;2168594;6.56027
309000;298298;2173139;6.88974
310000;299248;2177292;6.29019
311000;300220;2181446;6.36033
312000;301194;2185651;16.0305
313000;302173;2189730;7.63982
314000;303124;2193156;6.71003
315000;304090;2197067;6.6002
316000;305059;2201056;7.1803
317000;306028;2205492;7.53
318000;307000;2210427;7.90017
319000;307962;2215050;6.42971
320000;308927;2220368;6.87976
321000;309884;2225151;7.08993
322000;310848;2229607;6.65985
323000;311814;2234195;6.74996
File [/home/cf/workspace/ri/tp/files//pagesRI0] closed.
File [/home/cf/workspace/ri/tp/files//pagesRI1] openned.
begin [0] end[4524]
324000;312740;2238409;6.46939
325000;313696;2242988;6.76046
326000;314655;2246845;6.46964
327000;315622;2250701;7.11016
328000;316590;2256276;6.51035
329000;317569;2261675;15.23
330000;318541;2266737;6.85006
331000;319483;2271009;6.43995
332000;320452;2276169;6.45019
333000;321413;2280956;6.50036
334000;322379;2285643;7.06996
335000;323354;2290011;6.50958
336000;324309;2294616;6.23975
337000;325280;2300728;6.82011
338000;326235;2305627;6.60993
339000;327197;2310812;6.75022
340000;328165;2315554;6.58971
341000;329128;2320147;6.77992
342000;330114;2325178;6.74996
343000;331083;2329396;6.7602
344000;332052;2333597;6.70004
345000;333017;2337286;6.87003
346000;333974;2341870;15.1803
347000;334919;2346582;6.48987
348000;335866;2350613;6.9691
349000;336834;2354202;6.58024
350000;337805;2358706;6.39028
351000;338780;2363513;6.82958
352000;339756;2368341;7.09992
353000;340717;2373062;6.75943
354000;341700;2377939;6.85979
355000;342684;2382778;6.6898
356000;343612;2388485;6.46964
357000;344586;2393700;6.64987
358000;345568;2398093;6.2802
359000;346538;2402586;7.15009
360000;347515;2408593;6.72948
361000;348487;2412806;6.56027
362000;349463;2416395;6.56974
363000;350433;2420423;15.7105
364000;351409;2424503;6.89998
365000;352376;2428699;6.80961
366000;353345;2432504;6.72001
367000;354312;2435847;6.4594
368000;355258;2440335;6.93019
369000;356220;2444772;6.94964
370000;357181;2449011;6.49985
371000;358155;2455135;6.42049
372000;359107;2459984;6.56974
373000;360066;2465565;6.74023
374000;361047;2469700;6.64014
375000;362020;2473521;6.81064
376000;362977;2479013;6.98036
377000;363947;2483985;6.75918
378000;364906;2487912;7.18004
379000;365882;2491953;7.04001
380000;366841;2496097;15.0702
381000;367800;2500354;6.72027
382000;368751;2505720;6.34958
383000;369705;2509747;6.27022
384000;370670;2513759;6.59995
385000;371637;2517036;6.99009
386000;372622;2520446;6.76993
387000;373600;2524620;6.91969
388000;374579;2529146;7.05
389000;375562;2533853;6.86926
390000;376540;2538187;6.95988
391000;377518;2541565;7.39022
392000;378483;2545826;7.20974
393000;379452;2550865;6.9394
394000;380438;2555345;6.88001
395000;381420;2559398;7.14011
396000;382388;2563593;7.02926
397000;383362;2569220;15.2197
398000;384338;2574269;6.37006
399000;385315;2579140;6.89998
400000;386290;2583099;6.72001
401000;387269;2587835;6.99009
402000;388251;2592452;7.57992
403000;389223;2597709;7.10913
404000;390192;2602119;6.99009
405000;391177;2606794;6.67931
406000;392153;2610792;6.86004
407000;393129;2615372;6.89
408000;394096;2619408;6.51982
409000;395068;2623718;6.65038
410000;396012;2628216;6.63041
411000;396983;2633288;7.2804
412000;397964;2638341;7.41044
413000;398931;2643087;15.0497
414000;399903;2646070;6.83009
415000;400874;2650001;6.65012
416000;401837;2654302;6.9202
417000;402817;2659039;7.55022
418000;403787;2663975;7.22996
419000;404752;2667939;6.72027
420000;405735;2672014;6.75995
421000;406714;2675869;6.37953
422000;407690;2679689;6.44916
423000;408669;2684341;6.47041
424000;409636;2688178;6.5106
425000;410599;2692030;6.81985
426000;411581;2695651;6.87003
427000;412566;2699562;6.41972
428000;413534;2703552;5.98017
429000;414476;2707653;5.67988
430000;415424;2711272;14.1204
431000;416383;2714483;5.60974
432000;417321;2717752;5.56954
433000;418268;2720551;5.7595
434000;419233;2723894;6.18036
435000;420198;2726938;6.20007
436000;421054;2729977;5.24007
437000;421982;2733546;5.61998
438000;422914;2736319;5.58951
439000;423869;2738897;5.73006
440000;424821;2741641;5.35015
441000;425791;2745523;6.1499
442000;426734;2748679;5.68961
443000;427686;2751713;5.89031
444000;428646;2755597;5.87009
445000;429603;2759658;6.00014
446000;430574;2762633;6.24027
447000;431536;2766316;6.04059
448000;432493;2769866;6.22977
449000;433462;2774002;5.91975
450000;434428;2778373;6.28993
451000;435399;2782412;6.58996
452000;436359;2786133;6.13991
453000;437306;2789777;14.3501
454000;438272;2793670;5.80993
455000;439232;2797635;5.98043
456000;440199;2801511;6.13019
457000;441153;2805802;6.07003
458000;442106;2809477;5.96993
459000;443018;2813834;5.92052
460000;443990;2818823;6.40999
461000;444930;2821368;5.76026
462000;445897;2824534;6.06004
463000;446855;2828987;6.31041
464000;447790;2832761;6.34036
465000;448698;2836589;6.29019
466000;449666;2840027;6.40027
467000;450638;2843531;6.59047
468000;451607;2847264;6.75995
469000;452517;2850537;5.72007
470000;453452;2854403;5.69038
471000;454431;2858703;14.5905
472000;455404;2862647;6.08948
473000;456385;2866775;6.43995
474000;457351;2870159;6.38004
475000;458315;2873651;6.46964
476000;459292;2877083;6.52007
477000;460269;2880750;6.49985
478000;461232;2884391;6.28993
479000;462214;2889942;7.00955
480000;463187;2893877;7.07022
481000;464144;2897309;6.40001
482000;465097;2901218;6.07003
483000;466070;2904314;6.41998
484000;467038;2908210;6.55028
485000;467990;2912876;6.85979
486000;468905;2916435;6.2994
487000;469858;2920507;6.71028
488000;470837;2925007;15.1398
489000;471819;2929770;6.66036
490000;472799;2933081;6.6898
491000;473764;2937033;6.33038
492000;474682;2941428;6.41025
493000;475650;2945484;6.49012
494000;476619;2949773;6.28993
495000;477585;2954917;6.55975
496000;478559;2959200;6.33012
497000;479532;2962819;6.60967
498000;480517;2967438;6.87003
499000;481475;2971684;7.04027
500000;482448;2976232;6.89998
501000;483417;2979898;6.67009
502000;484366;2984577;6.39975
503000;485352;2988333;6.71003
504000;486319;2993148;6.89025
505000;487302;2998726;15.5205
506000;488267;3002446;6.77019
507000;489242;3007463;6.8004
508000;490200;3011510;6.56948
509000;491159;3014720;6.14017
510000;492115;3019433;7.27963
511000;493091;3023173;6.92993
512000;494072;3027434;6.97985
513000;495049;3031618;6.63911
514000;496017;3036569;6.63963
515000;496986;3041190;6.3803
516000;497952;3045458;6.79015
517000;498921;3048941;6.35009
518000;499891;3052584;6.30964
519000;500869;3057446;6.74996
520000;501840;3061293;6.93992
521000;502827;3065037;6.75995
522000;503812;3069362;15.4399
523000;504790;3073498;6.92993
524000;505767;3079348;6.90996
525000;506756;3084811;6.93992
526000;507732;3088816;7.0098
527000;508714;3093424;7.24993
528000;509685;3097455;6.56052
529000;510657;3101983;6.73025
530000;511639;3105570;6.52007
531000;512616;3108633;6.43995
532000;513597;3112482;6.01012
533000;514551;3117697;6.3803
534000;515531;3123102;6.99035
535000;516508;3127318;7.07995
536000;517484;3131190;6.85057
537000;518460;3137000;15.51
538000;519445;3141444;6.9604
539000;520414;3146074;6.80014
540000;521369;3150009;6.49038
541000;522353;3155585;7.15009
542000;523327;3160298;6.72027
543000;524310;3164585;6.53031
544000;525242;3167946;6.39054
545000;526211;3172520;6.46964
546000;527166;3178217;6.41051
547000;528136;3181793;6.45019
548000;529105;3186344;6.26049
549000;530073;3189565;6.50036
550000;531039;3194665;6.99009
551000;531974;3199910;6.36955
552000;532919;3205071;6.59022
553000;533852;3207918;5.54036
554000;534816;3211955;6.11022
555000;535780;3216267;15.0003
556000;536733;3219737;6.0795
557000;537699;3223598;6.63041
558000;538651;3227600;6.00014
559000;539613;3230667;6.09972
560000;540570;3234142;6.22004
561000;541531;3237797;6.57998
562000;542476;3241624;6.50011
563000;543434;3245089;6.3698
564000;544396;3248513;6.47988
565000;545368;3252016;6.45019
566000;546348;3256278;6.56027
567000;547313;3260354;6.55028
568000;548279;3264681;6.2203
569000;549214;3269738;6.2203
570000;550194;3273454;6.13991
571000;551163;3277120;6.54977
572000;552133;3281189;6.65012
573000;553059;3285096;6.07003
574000;554010;3288605;15.0502
575000;554954;3291936;5.85038
576000;555888;3295260;6.29019
577000;556832;3298841;6.25025
578000;557788;3302408;6.36033
579000;558737;3306931;6.47015
580000;559692;3310704;6.26023
581000;560658;3315073;6.40999
582000;561612;3318729;6.42049
583000;562566;3323226;6.08001
584000;563521;3327347;6.37006
585000;564496;3330589;6.69031
586000;565453;3334664;6.45991
587000;566402;3338942;6.62068
588000;567372;3342530;6.23924
589000;568352;3345662;6.37287
590000;569312;3350067;6.37082
591000;570275;3354166;6.59969
592000;571241;3357551;14.6524
593000;572187;3362254;6.61095
594000;573162;3366511;6.67137
595000;574143;3370449;6.18087
596000;575105;3373293;6.45121
597000;576079;3377313;6.16909
598000;577047;3382551;7.09172
599000;578020;3386349;6.92071
600000;578997;3389818;6.52033
601000;579969;3393060;6.4297
602000;580912;3395506;5.60231
603000;581869;3399000;6.87054
604000;582825;3403256;6.29249
605000;583789;3407395;6.55258
606000;584753;3412229;6.55873
607000;585716;3416087;6.5106
608000;586679;3419473;6.38106
609000;587651;3422766;14.4082
610000;588622;3426289;6.93146
611000;589585;3430165;6.92993
612000;590548;3433223;6.41025
613000;591522;3436516;6.91969
614000;592495;3440510;6.79885
615000;593480;3443711;6.82036
616000;594454;3447064;6.36263
617000;595409;3451265;6.88026
618000;596385;3454815;6.67034
619000;597369;3457804;7.20897
620000;598336;3460953;6.6985
621000;599310;3465538;6.56026
622000;600287;3469191;6.9586
623000;601273;3473896;7.44039
624000;602256;3477542;7.2914
625000;603233;3481252;7.44091
626000;604188;3485970;15.9616
627000;605160;3490222;7.11937
628000;606134;3494821;7.01134
629000;607118;3499103;7.08046
630000;608075;3503916;7.11937
631000;609042;3507937;7.22126
632000;610018;3512834;7.21818
633000;610997;3517125;7.22126
634000;611967;3521961;7.829
635000;612930;3525555;6.80807
636000;613903;3529257;7.14906
637000;614822;3532005;6.06977
638000;615780;3534598;6.03085
639000;616721;3537544;6.55258
640000;617700;3540330;6.24129
641000;618641;3542832;6.66932
642000;619613;3545663;6.61914
643000;620594;3549225;16.2202
644000;621542;3552799;6.24026
645000;622507;3555915;6.68007
646000;623472;3559048;6.97959
647000;624445;3561939;6.77069
648000;625402;3564419;6.36161
File [/home/cf/workspace/ri/tp/files//pagesRI1] closed.
File [/home/cf/workspace/ri/tp/files//pagesRI2] openned.
begin [0] end[5872]
649000;626361;3567440;6.62017
650000;627338;3569844;6.66932
651000;628283;3572201;6.5705
652000;629258;3575439;6.86797
653000;630201;3577913;6.53005
654000;631176;3581488;6.74919
655000;632131;3584778;6.43021
656000;633088;3587505;6.77018
657000;634028;3590423;6.72973
658000;634987;3593088;6.37082
659000;635960;3595871;6.58996
660000;636925;3598341;6.88999
661000;637901;3601165;15.5115
662000;638872;3604426;7.08045
663000;639840;3607618;6.90945
664000;640815;3611063;7.04922
665000;641774;3614595;6.9115
666000;642741;3618669;7.34926
667000;643691;3621886;6.39233
668000;644665;3625605;6.7794
669000;645642;3628165;6.54081
670000;646614;3631227;6.50036
671000;647561;3634928;6.64116
672000;648503;3637814;6.46042
673000;649465;3641857;7.02004
674000;650439;3645672;7.27143
675000;651418;3648459;6.79937
676000;652346;3651874;6.79066
677000;653327;3655074;7.43834
678000;654287;3658216;15.6006
679000;655259;3661864;6.65908
680000;656223;3664884;6.33959
681000;657198;3668785;7.17057
682000;658154;3672470;6.87002
683000;659126;3675769;7.34055
684000;660105;3678463;7.32007
685000;661061;3681715;7.46087
686000;662005;3685200;6.36007
687000;662972;3687762;6.79783
688000;663941;3692416;6.79885
689000;664913;3695493;6.63809
690000;665875;3698327;6.98932
691000;666845;3701096;6.3401
692000;667797;3704901;6.74919
693000;668760;3707993;7.189
694000;669727;3710219;15.6083
695000;670697;3713390;7.29959
696000;671661;3716529;7.19924
697000;672616;3719714;7.53921
698000;673594;3722614;6.98266
699000;674553;3726201;6.87053
700000;675524;3728912;6.63092
701000;676494;3731496;6.2802
702000;677455;3734364;6.52084
703000;678404;3738236;7.63291
704000;679358;3741884;7.90887
705000;680317;3744286;7.17108
706000;681260;3747489;6.6729
707000;682192;3750091;6.52903
708000;683149;3752785;7.21102
709000;684111;3755607;7.12295
710000;685073;3758372;6.87873
711000;686020;3761703;6.69185
712000;686986;3764699;15.9995
713000;687944;3767416;6.77991
714000;688904;3770151;7.13882
715000;689875;3773611;8.11111
716000;690850;3776916;7.8971
717000;691806;3780212;8.43111
718000;692770;3783365;7.80033
719000;693736;3787088;8.06094
720000;694716;3790220;8.8315
721000;695680;3793861;8.58727
722000;696645;3797035;8.83867
723000;697621;3800473;8.89908
724000;698561;3803550;7.77831
725000;699517;3806193;7.60116
726000;700472;3808592;8.7506
727000;701426;3811839;7.87867
728000;702358;3815280;8.17665
729000;703319;3818820;8.55041
730000;704276;3821358;8.08756
731000;705235;3824210;19.3992
732000;706202;3827090;9.00353
733000;707162;3830774;9.08084
734000;708120;3833902;8.57089
735000;709083;3836544;8.19047
736000;710052;3839643;8.88987
737000;711017;3842777;9.12078
738000;711976;3845534;8.62004
739000;712950;3849781;9.0578
740000;713926;3852451;9.173
741000;714870;3856148;8.88014
742000;715853;3859172;8.12801
743000;716804;3862790;7.65031
744000;717760;3865932;7.17159
745000;718731;3869683;7.26068
746000;719698;3872716;7.2315
747000;720670;3876015;7.62113
748000;721636;3880318;16.9119
749000;722613;3883279;6.99034
750000;723586;3885822;7.7307
751000;724547;3888826;7.0185
752000;725521;3891889;7.30113
753000;726492;3895826;7.49006
754000;727467;3898721;7.1506
755000;728431;3901852;7.12961
756000;729406;3905057;7.1506
757000;730367;3907900;7.46036
758000;731346;3910547;7.6411
759000;732332;3913604;7.44193
760000;733307;3916424;6.90023
761000;734295;3918966;7.20999
762000;735277;3922556;7.19822
763000;736260;3925191;6.95041
764000;737216;3928669;7.02055
765000;738190;3932197;16.2995
766000;739168;3936486;7.92065
767000;740141;3941017;7.10042
768000;741125;3944348;6.69185
769000;742101;3948121;6.30119
770000;743076;3951902;6.74049
771000;744057;3955631;6.96935
772000;745030;3959061;7.12295
773000;745999;3962909;6.75021
774000;746976;3965955;7.41837
775000;747948;3969179;6.79834
776000;748929;3971398;6.70977
777000;749888;3974645;6.91969
778000;750853;3977446;6.60122
779000;751810;3980275;6.81114
780000;752744;3983053;6.08052
781000;753704;3986090;6.54183
782000;754662;3988706;15.1209
783000;755633;3991706;7.29294
784000;756606;3994727;6.67853
785000;757558;3997606;6.41178
786000;758519;4000139;6.35802
787000;759474;4003708;6.24948
788000;760430;4006311;6.55105
789000;761399;4009000;6.75021
790000;762362;4011663;6.56999
791000;763335;4014433;6.35853
792000;764284;4017097;6.61044
793000;765248;4020673;6.30733
794000;766214;4023940;6.53005
795000;767178;4026687;6.54081
796000;768134;4029320;7.24686
797000;769092;4031829;6.69082
798000;770059;4034550;7.14906
799000;771006;4038088;6.52237
800000;771925;4040922;6.45172
801000;772859;4043944;15.5182
802000;773811;4046399;7.01082
803000;774769;4048623;6.76045
804000;775710;4051663;6.4594
805000;776664;4055565;7.02004
806000;777629;4058570;7.48084
807000;778605;4061162;7.99847
808000;779577;4064720;7.21972
809000;780527;4068414;6.86849
810000;781501;4071559;6.64013
811000;782480;4074869;7.13063
812000;783443;4077830;6.66829
813000;784397;4080659;6.57972
814000;785367;4083290;6.79885
815000;786295;4086202;7.37076
816000;787257;4088823;8.02971
817000;788207;4091916;6.98932
818000;789170;4095329;6.80909
819000;790145;4097989;15.5412
820000;791120;4100714;6.42714
821000;792085;4104328;7.00366
822000;793051;4107251;6.72769
823000;794019;4110163;7.15009
824000;794994;4114023;8.54939
825000;795930;4116901;7.18849
826000;796884;4120622;7.69076
827000;797851;4123743;7.09889
828000;798810;4126492;7.37076
829000;799791;4129902;6.90228
830000;800762;4133381;7.46906
831000;801740;4135959;7.58887
832000;802717;4138571;7.33031
833000;803696;4142331;7.26836
834000;804669;4145582;7.8802
835000;805641;4148083;16.2406
836000;806613;4151368;8.56935
837000;807593;4155070;8.79105
838000;808525;4157913;7.1419
839000;809470;4160272;7.32007
840000;810421;4162243;7.04103
841000;811373;4164415;6.43021
842000;812317;4166981;6.10868
843000;813259;4169026;6.26125
844000;814212;4171619;7.05178
845000;815166;4173764;6.39847
846000;816123;4176313;6.14042
847000;817083;4178274;6.00013
848000;818041;4180328;6.24948
849000;818974;4182553;5.96071
850000;819932;4185886;6.34881
851000;820880;4187911;6.17985
852000;821830;4190921;6.11124
853000;822785;4193350;6.25972
854000;823727;4195697;6.41946
855000;824679;4198132;6.64884
856000;825638;4200503;6.37901
857000;826595;4203601;6.65959
858000;827556;4206428;15.4199
859000;828524;4209020;6.53057
860000;829498;4211704;6.39028
861000;830467;4214341;6.49933
862000;831424;4217081;6.30119
863000;832370;4220599;6.55924
864000;833338;4223870;6.52135
865000;834304;4226214;6.66061
866000;835254;4229451;6.74049
867000;836218;4233168;7.05998
868000;837181;4235592;6.72001
869000;838127;4238578;6.61863
870000;839088;4242259;7.10862
871000;840042;4245216;7.25914
872000;841020;4247839;6.79988
873000;841988;4250225;7.09991
874000;842959;4253507;6.92839
875000;843913;4255483;6.41741
876000;844898;4259125;15.7215
877000;845860;4261441;6.90945
878000;846829;4264212;7.2402
879000;847797;4267603;6.96167
880000;848763;4270226;6.78861
881000;849722;4273591;6.99137
882000;850699;4276575;7.32161
883000;851667;4280160;7.24071
884000;852625;4283691;7.03079
885000;853570;4286482;6.53057
886000;854545;4289799;7.32058
887000;855524;4292728;7.1209
888000;856493;4295436;6.79117
889000;857469;4298143;7.18951
890000;858436;4301607;6.98778
891000;859418;4306055;7.04052
892000;860392;4309312;6.86029
893000;861363;4312258;15.7292
894000;862327;4316017;6.76916
895000;863297;4318917;7.02874
896000;864281;4322465;7.01082
897000;865246;4325898;7.47009
898000;866214;4329044;6.59098
899000;867182;4332793;7.03079
900000;868151;4336188;6.73895
901000;869116;4338671;6.93966
902000;870093;4341678;6.83828
903000;871070;4345363;7.0907
904000;872027;4348420;7.19156
905000;872997;4350778;7.02977
906000;873983;4353791;6.89921
907000;874948;4356885;7.95086
908000;875930;4360446;7.10145
909000;876921;4363230;15.4501
910000;877889;4367660;7.28884
911000;878865;4371215;7.29038
912000;879849;4375007;7.19975
913000;880812;4377516;6.82957
914000;881777;4381173;7.81006
915000;882759;4384196;7.509
916000;883737;4386967;7.04052
917000;884707;4390056;6.98881
918000;885687;4393141;7.28218
919000;886645;4397294;7.22996
920000;887626;4400934;6.94068
921000;888596;4404748;6.68877
922000;889570;4408570;7.70151
923000;890543;4412990;6.75687
924000;891516;4416345;7.49978
925000;892495;4419666;16.3702
926000;893470;4423526;6.76813
927000;894449;4426291;6.91047
928000;895407;4431231;7.07841
929000;896391;4435113;6.9202
930000;897357;4438228;7.17927
931000;898327;4441699;6.71028
932000;899316;4444671;6.8818
933000;900302;4447600;7.12142
934000;901277;4451517;6.66983
935000;902250;4455625;7.29959
936000;903232;4459596;7.14036
937000;904204;4463626;6.84186
938000;905190;4468789;7.45985
939000;906157;4472845;7.69025
940000;907123;4476759;7.14957
941000;908097;4480533;16.3497
942000;909080;4485241;6.89869
943000;910054;4489555;7.15725
944000;911021;4492721;6.64986
945000;911981;4496147;6.83009
******************************
Num docs: 945643
Indexed docs: 912609
Vocabulary size: 4498264
Num terms: 455359679
******************************

*** MERGE time: 505.98 second(s)***

*** Total time: 7616.33 second(s)***
