Index File Name [/home/cf/workspace/ri/tp/files//index.txt] openned.
Initialization OK!
File [/home/cf/workspace/ri/tp/files//pagesRI0] openned.
1000;936;37864;6.36004
2000;1881;57765;5.71003
3000;2842;77233;6.42005
4000;3759;95441;6.11003
5000;4737;113115;6.28004
6000;5717;129030;5.72003
7000;6662;144871;6.41004
8000;7637;160488;6.13004
9000;8619;174983;6.61004
10000;9601;190118;6.89005
11000;10570;204364;6.11004
12000;11552;222580;6.93005
13000;12516;234486;6.75005
14000;13491;250553;6.68004
15000;14465;263158;6.28004
16000;15437;277696;6.55005
17000;16391;292831;6.47004
18000;17332;303557;5.96004
19000;18304;315372;6.36004
20000;19280;323535;6.15004
21000;20234;334114;6.63005
22000;21183;345185;6.39004
23000;22154;356754;6.68005
24000;23083;368295;6.21004
25000;24056;377809;6.71005
26000;25017;391546;6.52004
27000;25972;404447;6.28004
28000;26938;417085;6.82005
29000;27879;427829;6.49004
30000;28838;438470;6.87005
31000;29796;449143;6.63005
32000;30761;458959;6.25004
33000;31738;468577;7.20005
34000;32702;477396;6.58005
35000;33673;486914;7.11005
36000;34655;497672;6.98005
37000;35638;506510;24.1301
38000;36604;518123;6.73996
39000;37573;527905;7.09996
40000;38544;537348;6.41011
41000;39525;548404;6.65004
42000;40505;559976;6.76009
43000;41476;568445;6.11008
44000;42438;578720;6.64995
45000;43370;588550;6.20995
46000;44316;599691;6.39001
47000;45273;607738;6.79011
48000;46249;621402;7.27001
49000;47185;629280;6.30992
50000;48163;638134;6.94988
51000;49126;647923;6.76009
52000;50093;655455;6.60992
53000;51071;662939;6.92998
54000;52031;671616;6.79996
55000;53002;679988;6.50995
56000;53971;687374;6.02998
57000;54916;695328;6.41004
58000;55888;703751;7.36
59000;56863;713178;6.80003
60000;57827;721436;6.96988
61000;58798;729353;6.99996
62000;59766;738125;7.01996
63000;60687;745658;6.62998
64000;61645;754467;6.14016
65000;62618;761652;6.87993
66000;63582;769603;6.52998
67000;64545;777661;6.40992
68000;65506;784884;6.29996
69000;66470;792442;6.59001
70000;67433;799855;23.2498
71000;68389;807072;6.49996
72000;69373;814555;7.2199
73000;70341;821511;6.58998
74000;71317;828063;7.27004
75000;72288;835367;6.83987
76000;73246;842853;7.08998
77000;74228;849983;6.74982
78000;75200;859310;6.60006
79000;76156;867272;6.86009
80000;77134;875864;7.13004
81000;78099;882376;6.82989
82000;79068;889389;6.4599
83000;80048;898878;7.18016
84000;81013;906867;7.0599
85000;82001;915698;6.6999
86000;82989;922512;6.67001
87000;83971;930055;6.57997
88000;84929;936349;6.59008
89000;85905;943389;6.15014
90000;86872;950400;6.16992
91000;87854;957828;7.02009
92000;88835;965583;7.02995
93000;89815;972538;6.64019
94000;90795;981081;6.83993
95000;91767;989236;6.40019
96000;92729;997482;6.64
97000;93693;1003628;6.47993
98000;94653;1010167;6.53005
99000;95628;1017004;6.16019
100000;96568;1023981;6.75001
101000;97526;1030849;6.91993
102000;98513;1036409;6.71021
103000;99497;1044306;23.8098
104000;100478;1051076;6.56006
105000;101457;1059695;7.0599
106000;102427;1066326;6.33011
107000;103401;1073320;5.93997
108000;104369;1079685;6.68985
109000;105351;1086463;7.06003
110000;106321;1093434;6.48992
111000;107274;1099763;6.46003
112000;108216;1107744;6.95981
113000;109201;1115879;7.01997
114000;110186;1122428;6.90016
115000;111169;1129159;7.40985
116000;112147;1135514;6.5799
117000;113135;1142796;6.81996
118000;114107;1149677;6.58009
119000;115094;1156603;6.71993
120000;116081;1163235;6.8199
121000;117065;1169663;6.46003
122000;118051;1176698;6.53958
123000;119025;1183427;6.56
124000;119984;1189772;6.63014
125000;120945;1194642;6.48973
126000;121913;1200525;6.69024
127000;122885;1205983;6.68979
128000;123831;1211013;6.48985
129000;124772;1216972;6.62957
130000;125759;1222448;6.76019
131000;126746;1228695;6.87001
132000;127726;1234688;7.32998
133000;128702;1243566;7.51008
134000;129688;1249919;6.90016
135000;130651;1255393;6.81005
136000;131634;1262325;25.2899
137000;132609;1269162;7.11987
138000;133585;1274280;7.12006
139000;134541;1279360;6.8503
140000;135521;1284673;6.65005
141000;136505;1290726;6.56998
142000;137479;1297091;6.47993
143000;138454;1304440;6.91008
144000;139434;1311409;6.82982
145000;140409;1317771;6.86976
146000;141367;1323797;6.68992
147000;142302;1329190;5.77997
148000;143238;1334419;5.93972
149000;144129;1339250;5.87956
150000;145083;1343886;5.98989
151000;146051;1348137;6.14004
152000;147002;1353140;5.99949
153000;147961;1358869;6.71962
154000;148905;1363765;6.24986
155000;149868;1369216;6.50957
156000;150827;1374776;5.89965
157000;151794;1379712;6.25997
158000;152753;1383682;5.83002
159000;153690;1388668;6.05005
160000;154649;1393664;6.03994
161000;155611;1398769;6.05018
162000;156568;1403107;6.33024
163000;157535;1407180;6.46976
164000;158491;1410918;5.38036
165000;159454;1415037;6.00013
166000;160407;1419237;5.94996
167000;161336;1423558;5.84
168000;162290;1427942;5.82004
169000;163247;1432298;5.99988
170000;164170;1438568;6.2002
171000;165146;1443629;6.41997
172000;166117;1447935;6.72026
173000;167052;1455834;6.46989
174000;168007;1460644;6.54029
175000;168973;1465999;23.7198
176000;169936;1470923;5.92013
177000;170903;1475991;6.16
178000;171872;1483165;6.87002
179000;172832;1489298;6.57997
180000;173772;1493346;6.2194
181000;174732;1498696;7.1593
182000;175687;1504298;5.73005
183000;176645;1510340;6.78989
184000;177599;1516828;6.83968
185000;178555;1521340;6.89024
186000;179517;1527854;6.29005
187000;180485;1534412;6.63002
188000;181456;1538725;6.27021
189000;182440;1544325;6.53005
190000;183408;1549173;6.58983
191000;184370;1554041;6.42996
192000;185344;1559854;6.77005
193000;186274;1565660;5.89965
194000;187255;1570354;6.62016
195000;188217;1574978;6.27008
196000;189181;1580861;6.66983
197000;190165;1585802;6.55962
198000;191150;1590914;6.53005
199000;192107;1596699;6.47988
200000;193076;1601765;6.48999
201000;194053;1609352;6.39002
202000;195000;1614126;6.13991
203000;195974;1619996;6.56986
204000;196953;1625878;6.30004
205000;197921;1631802;6.51008
206000;198892;1637679;6.62016
207000;199850;1644803;6.1801
208000;200828;1650837;6.5298
209000;201809;1657175;7.05024
210000;202744;1661657;23.9999
211000;203711;1667040;7.79968
212000;204685;1671832;8.05018
213000;205665;1677569;8.01971
214000;206611;1683611;7.89031
215000;207563;1689600;7.82989
216000;208548;1693530;7.44013
217000;209521;1697847;6.88026
218000;210481;1702565;6.47988
219000;211437;1708066;7.39994
220000;212401;1712843;7.81005
221000;213379;1718033;7.13997
222000;214343;1724942;7.22023
223000;215289;1730203;6.89959
224000;216249;1737285;7.20999
225000;217174;1741435;5.95981
226000;218154;1747208;7.51987
227000;219121;1752710;6.85978
228000;220110;1759463;7.09005
229000;221066;1763914;7.42016
230000;222032;1769056;7.08019
231000;222989;1774937;7.3897
232000;223951;1781861;6.48986
233000;224930;1786467;6.41984
234000;225902;1791588;7.0601
235000;226871;1795969;6.8896
236000;227845;1800068;6.8201
237000;228823;1804007;7.1698
238000;229776;1808851;6.59994
239000;230746;1815776;8.24999
240000;231621;1820193;6.14016
241000;232592;1825044;6.96026
242000;233561;1829546;6.85005
243000;234534;1833718;6.72026
244000;235507;1839491;25.2594
245000;236484;1845717;6.8
246000;237473;1853172;6.95975
247000;238447;1858362;6.9202
248000;239409;1863772;7.19015
249000;240378;1867321;7.47034
250000;241331;1872651;6.08013
251000;242310;1877383;7.32992
252000;243281;1882218;7.55021
253000;244209;1886737;6.64013
254000;245192;1891914;6.99008
255000;246168;1896684;7.04026
256000;247144;1902741;7.0898
257000;248126;1908370;7.5401
258000;249102;1914737;7.64019
259000;250074;1919824;7.26016
260000;251045;1925142;6.69031
261000;252020;1932199;7.66963
262000;253002;1937191;7.12013
263000;253967;1944051;7.39008
264000;254923;1949624;7.21024
265000;255887;1955295;7.02029
266000;256847;1960909;7.6704
267000;257825;1967219;7.39047
268000;258805;1971056;6.70938
269000;259787;1975848;7.72992
270000;260771;1981870;7.25018
271000;261751;1986970;7.33005
272000;262713;1992004;6.99008
273000;263695;1997310;7.49031
274000;264645;2001297;6.67994
275000;265603;2006201;6.92007
276000;266543;2011230;25.56
277000;267492;2015950;6.84979
278000;268468;2022089;6.48973
279000;269426;2026826;6.48948
280000;270390;2033206;8.0201
281000;271362;2037175;6.50983
282000;272333;2041242;7.25018
283000;273275;2046821;6.70004
284000;274247;2051751;7.59027
285000;275219;2057252;6.19008
286000;276174;2062846;6.24026
287000;277143;2071743;6.5801
288000;278115;2077664;6.45044
289000;279082;2082178;6.62004
290000;280044;2087668;6.73025
291000;281014;2092850;6.9906
292000;281989;2098290;6.81985
293000;282965;2103389;6.64987
294000;283921;2107870;7.65928
295000;284892;2112913;6.95937
296000;285839;2116846;6.09025
297000;286772;2122511;6.28967
298000;287702;2127351;6.28046
299000;288643;2131786;6.54977
300000;289614;2136322;6.03035
301000;290556;2140677;6.31988
302000;291510;2143893;6.53006
303000;292477;2148377;7.1099
304000;293442;2152272;6.42945
305000;294413;2156380;6.7899
306000;295390;2160514;7.54024
307000;296361;2164530;6.79963
308000;297335;2168594;6.48961
309000;298298;2173139;6.97934
310000;299248;2177292;6.31041
311000;300220;2181446;6.42971
312000;301194;2185651;24.2994
313000;302173;2189730;7.05
314000;303124;2193156;6.26023
315000;304090;2197067;6.46017
316000;305059;2201056;6.62017
317000;306028;2205492;7.22024
318000;307000;2210427;7.2804
319000;307962;2215050;6.54004
320000;308927;2220368;7.0203
321000;309884;2225151;7.07969
322000;310848;2229607;6.70055
323000;311814;2234195;6.82011
File [/home/cf/workspace/ri/tp/files//pagesRI0] closed.
File [/home/cf/workspace/ri/tp/files//pagesRI1] openned.
begin [0] end[4524]
324000;312740;2238409;6.43995
325000;313696;2242988;6.80987
326000;314655;2246845;6.24999
327000;315622;2250701;7.10043
328000;316590;2256276;6.70004
329000;317569;2261675;6.9394
330000;318541;2266737;6.72974
331000;319483;2271009;6.36929
332000;320452;2276169;6.56001
333000;321413;2280956;6.37057
334000;322379;2285643;6.9499
335000;323354;2290011;6.26023
336000;324309;2294616;6.09025
337000;325280;2300728;6.88001
338000;326235;2305627;6.62017
339000;327197;2310812;6.40001
340000;328165;2315554;6.54004
341000;329128;2320147;6.7003
342000;330114;2325178;6.69902
343000;331083;2329396;6.62964
344000;332052;2333597;6.48014
345000;333017;2337286;6.89998
346000;333974;2341870;24.2201
347000;334919;2346582;6.35035
348000;335866;2350613;6.89998
349000;336834;2354202;6.48014
350000;337805;2358706;6.25972
351000;338780;2363513;6.82036
352000;339756;2368341;6.95016
353000;340717;2373062;6.67956
354000;341700;2377939;6.64987
355000;342684;2382778;6.62017
356000;343612;2388485;6.31937
357000;344586;2393700;6.59943
358000;345568;2398093;6.30017
359000;346538;2402586;7.03003
360000;347515;2408593;6.75047
361000;348487;2412806;6.4402
362000;349463;2416395;6.49038
363000;350433;2420423;6.77992
364000;351409;2424503;6.70952
365000;352376;2428699;6.42996
366000;353345;2432504;6.34011
367000;354312;2435847;6.23028
368000;355258;2440335;6.43969
369000;356220;2444772;6.6002
370000;357181;2449011;6.20955
371000;358155;2455135;6.41998
372000;359107;2459984;6.40027
373000;360066;2465565;6.58996
374000;361047;2469700;6.56001
375000;362020;2473521;6.68955
376000;362977;2479013;6.79015
377000;363947;2483985;6.70004
378000;364906;2487912;7.17032
379000;365882;2491953;6.7899
380000;366841;2496097;24.3601
381000;367800;2500354;6.68033
382000;368751;2505720;6.33038
383000;369705;2509747;6.20007
384000;370670;2513759;6.62043
385000;371637;2517036;6.98011
386000;372622;2520446;6.85032
387000;373600;2524620;7.01979
388000;374579;2529146;7.07022
389000;375562;2533853;7.05025
390000;376540;2538187;6.97038
391000;377518;2541565;7.45038
392000;378483;2545826;7.30958
393000;379452;2550865;6.91995
394000;380438;2555345;6.65038
395000;381420;2559398;6.79015
396000;382388;2563593;6.91048
397000;383362;2569220;6.6002
398000;384338;2574269;6.16961
399000;385315;2579140;6.79016
400000;386290;2583099;6.66011
401000;387269;2587835;7.00033
402000;388251;2592452;7.17032
403000;389223;2597709;6.88027
404000;390192;2602119;6.75969
405000;391177;2606794;6.58971
406000;392153;2610792;6.70004
407000;393129;2615372;6.75022
408000;394096;2619408;6.33012
409000;395068;2623718;6.72027
410000;396012;2628216;6.64014
411000;396983;2633288;7.25044
412000;397964;2638341;7.20001
413000;398931;2643087;24.0002
414000;399903;2646070;6.72923
415000;400874;2650001;6.41051
416000;401837;2654302;6.8603
417000;402817;2659039;7.48033
418000;403787;2663975;7.23969
419000;404752;2667939;6.75995
420000;405735;2672014;6.75995
421000;406714;2675869;6.37006
422000;407690;2679689;6.51982
423000;408669;2684341;6.51009
424000;409636;2688178;6.71054
425000;410599;2692030;6.87028
426000;411581;2695651;6.82011
427000;412566;2699562;6.53031
428000;413534;2703552;5.83041
429000;414476;2707653;5.55982
430000;415424;2711272;5.82043
431000;416383;2714483;5.66043
432000;417321;2717752;5.50017
433000;418268;2720551;5.69038
434000;419233;2723894;6.20033
435000;420198;2726938;6.12993
436000;421054;2729977;5.19041
437000;421982;2733546;5.59924
438000;422914;2736319;5.61998
439000;423869;2738897;5.6699
440000;424821;2741641;5.37012
441000;425791;2745523;6.07028
442000;426734;2748679;5.65018
443000;427686;2751713;5.8002
444000;428646;2755597;5.78945
445000;429603;2759658;5.91028
446000;430574;2762633;6.22951
447000;431536;2766316;6.10996
448000;432493;2769866;6.09972
449000;433462;2774002;5.87982
450000;434428;2778373;6.24027
451000;435399;2782412;6.55028
452000;436359;2786133;6.08974
453000;437306;2789777;23.89
454000;438272;2793670;5.86036
455000;439232;2797635;6.15015
456000;440199;2801511;6.24001
457000;441153;2805802;6.15963
458000;442106;2809477;6.05006
459000;443018;2813834;6.01038
460000;443990;2818823;6.72999
461000;444930;2821368;5.91028
462000;445897;2824534;6.09947
463000;446855;2828987;6.51009
464000;447790;2832761;6.48987
465000;448698;2836589;6.46964
466000;449666;2840027;6.50011
467000;450638;2843531;6.72999
468000;451607;2847264;6.90971
469000;452517;2850537;5.93051
470000;453452;2854403;5.96967
471000;454431;2858703;6.50958
472000;455404;2862647;6.33985
473000;456385;2866775;6.63016
474000;457351;2870159;6.56999
475000;458315;2873651;6.6299
476000;459292;2877083;6.56001
477000;460269;2880750;6.63988
478000;461232;2884391;6.61966
479000;462214;2889942;6.99956
480000;463187;2893877;7.16059
481000;464144;2897309;6.51009
482000;465097;2901218;6.15963
483000;466070;2904314;6.66983
484000;467038;2908210;6.73025
485000;467990;2912876;7.02056
486000;468905;2916435;6.50011
487000;469858;2920507;6.90996
488000;470837;2925007;24.9302
489000;471819;2929770;6.78964
490000;472799;2933081;6.9202
491000;473764;2937033;6.58996
492000;474682;2941428;6.64987
493000;475650;2945484;6.55899
494000;476619;2949773;6.16987
495000;477585;2954917;6.51009
496000;478559;2959200;6.2802
497000;479532;2962819;6.56974
498000;480517;2967438;6.86951
499000;481475;2971684;6.81038
500000;482448;2976232;6.89025
501000;483417;2979898;6.72974
502000;484366;2984577;6.45991
503000;485352;2988333;6.65012
504000;486319;2993148;6.72001
505000;487302;2998726;7.13012
506000;488267;3002446;6.65012
507000;489242;3007463;6.77991
508000;490200;3011510;6.55003
509000;491159;3014720;6.1202
510000;492115;3019433;7.3298
511000;493091;3023173;6.77019
512000;494072;3027434;6.88027
513000;495049;3031618;6.62017
514000;496017;3036569;6.55975
515000;496986;3041190;6.4699
516000;497952;3045458;6.72027
517000;498921;3048941;6.34011
518000;499891;3052584;6.42996
519000;500869;3057446;6.73998
520000;501840;3061293;6.74023
521000;502827;3065037;6.82036
522000;503812;3069362;25.5296
523000;504790;3073498;7.10043
524000;505767;3079348;7.27988
525000;506756;3084811;6.99009
526000;507732;3088816;7.06945
527000;508714;3093424;7.1803
528000;509685;3097455;6.69031
529000;510657;3101983;6.88027
530000;511639;3105570;6.65985
531000;512616;3108633;6.52033
532000;513597;3112482;5.99988
533000;514551;3117697;6.64935
534000;515531;3123102;7.0203
535000;516508;3127318;7.21025
536000;517484;3131190;6.81959
537000;518460;3137000;7.07022
538000;519445;3141444;6.96987
539000;520414;3146074;6.81038
540000;521369;3150009;6.59995
541000;522353;3155585;7.2699
542000;523327;3160298;6.74971
543000;524310;3164585;6.53031
544000;525242;3167946;6.58023
545000;526211;3172520;6.48014
546000;527166;3178217;6.48014
547000;528136;3181793;6.39003
548000;529105;3186344;6.2802
549000;530073;3189565;6.50983
550000;531039;3194665;7.11988
551000;531974;3199910;6.39975
552000;532919;3205071;6.54004
553000;533852;3207918;5.61025
554000;534816;3211955;6.19009
555000;535780;3216267;24.5603
556000;536733;3219737;6.24923
557000;537699;3223598;6.7003
558000;538651;3227600;6.04007
559000;539613;3230667;6.13044
560000;540570;3234142;6.23003
561000;541531;3237797;6.41025
562000;542476;3241624;6.46043
563000;543434;3245089;6.38004
564000;544396;3248513;6.41998
565000;545368;3252016;6.5595
566000;546348;3256278;6.42049
567000;547313;3260354;6.49934
568000;548279;3264681;6.34983
569000;549214;3269738;6.00987
570000;550194;3273454;5.95022
571000;551163;3277120;6.61019
572000;552133;3281189;6.57998
573000;553059;3285096;6.09947
574000;554010;3288605;6.39028
575000;554954;3291936;5.77025
576000;555888;3295260;6.31937
577000;556832;3298841;6.19009
578000;557788;3302408;6.34011
579000;558737;3306931;6.3506
580000;559692;3310704;6.27022
581000;560658;3315073;6.3803
582000;561612;3318729;6.38004
583000;562566;3323226;6.13966
584000;563521;3327347;6.46017
585000;564496;3330589;6.57895
586000;565453;3334664;6.42049
587000;566402;3338942;6.82906
588000;567372;3342530;6.741
589000;568352;3345662;6.52033
590000;569312;3350067;6.52135
591000;570275;3354166;6.68007
592000;571241;3357551;24.5612
593000;572187;3362254;6.65037
594000;573162;3366511;6.72001
595000;574143;3370449;6.23872
596000;575105;3373293;6.8219
597000;576079;3377313;6.79066
598000;577047;3382551;7.67028
599000;578020;3386349;7.31034
600000;578997;3389818;6.81575
601000;579969;3393060;6.86849
602000;580912;3395506;6.02112
603000;581869;3399000;7.13934
604000;582825;3403256;6.6601
605000;583789;3407395;6.84954
606000;584753;3412229;6.98932
607000;585716;3416087;7.04206
608000;586679;3419473;6.71796
609000;587651;3422766;6.47169
610000;588622;3426289;7.49006
611000;589585;3430165;7.97851
612000;590548;3433223;7.01953
613000;591522;3436516;7.62932
614000;592495;3440510;7.18029
615000;593480;3443711;7.37127
616000;594454;3447064;6.79015
617000;595409;3451265;7.07073
618000;596385;3454815;6.6089
619000;597369;3457804;7.1506
620000;598336;3460953;6.67034
621000;599310;3465538;6.53978
622000;600287;3469191;6.80961
623000;601273;3473896;7.21921
624000;602256;3477542;6.94785
625000;603233;3481252;7.02158
626000;604188;3485970;25.3399
627000;605160;3490222;7.14906
628000;606134;3494821;7.19105
629000;607118;3499103;7.2187
630000;608075;3503916;6.83111
631000;609042;3507937;6.70772
632000;610018;3512834;7.11066
633000;610997;3517125;6.83674
634000;611967;3521961;7.55252
635000;612930;3525555;6.52852
636000;613903;3529257;6.91047
637000;614822;3532005;6.13223
638000;615780;3534598;5.83066
639000;616721;3537544;6.43329
640000;617700;3540330;6.09127
641000;618641;3542832;6.50189
642000;619613;3545663;6.40717
643000;620594;3549225;6.78861
644000;621542;3552799;6.1481
645000;622507;3555915;7.34106
646000;623472;3559048;7.74913
647000;624445;3561939;6.91201
648000;625402;3564419;6.61863
File [/home/cf/workspace/ri/tp/files//pagesRI1] closed.
File [/home/cf/workspace/ri/tp/files//pagesRI2] openned.
begin [0] end[5872]
649000;626361;3567440;6.78862
650000;627338;3569844;7.02106
651000;628283;3572201;6.76813
652000;629258;3575439;7.05025
653000;630201;3577913;6.85978
654000;631176;3581488;6.86746
655000;632131;3584778;6.55975
656000;633088;3587505;6.73025
657000;634028;3590423;6.87002
658000;634987;3593088;6.44045
659000;635960;3595871;6.83009
660000;636925;3598341;6.88282
661000;637901;3601165;24.8289
662000;638872;3604426;7.12961
663000;639840;3607618;6.91815
664000;640815;3611063;6.93197
665000;641774;3614595;6.86849
666000;642741;3618669;7.70817
667000;643691;3621886;6.97857
668000;644665;3625605;7.42964
669000;645642;3628165;7.23201
670000;646614;3631227;6.97038
671000;647561;3634928;7.04717
672000;648503;3637814;6.91252
673000;649465;3641857;7.44244
674000;650439;3645672;7.63905
675000;651418;3648459;7.45063
676000;652346;3651874;7.17006
677000;653327;3655074;7.90222
678000;654287;3658216;7.48033
679000;655259;3661864;7.10196
680000;656223;3664884;6.66881
681000;657198;3668785;7.51719
682000;658154;3672470;7.1721
683000;659126;3675769;7.52846
684000;660105;3678463;7.50132
685000;661061;3681715;7.77217
686000;662005;3685200;6.72103
687000;662972;3687762;7.02004
688000;663941;3692416;6.90893
689000;664913;3695493;6.77889
690000;665875;3698327;7.04052
691000;666845;3701096;6.59866
692000;667797;3704901;6.87002
693000;668760;3707993;7.68922
694000;669727;3710219;26.8181
695000;670697;3713390;7.74094
696000;671661;3716529;7.49262
697000;672616;3719714;7.81979
698000;673594;3722614;7.36001
699000;674553;3726201;7.18081
700000;675524;3728912;7.3211
701000;676494;3731496;6.70055
702000;677455;3734364;6.77991
703000;678404;3738236;7.04001
704000;679358;3741884;7.77882
705000;680317;3744286;6.58893
706000;681260;3747489;6.91969
707000;682192;3750091;6.37133
708000;683149;3752785;6.74049
709000;684111;3755607;7.05178
710000;685073;3758372;6.47885
711000;686020;3761703;6.62887
712000;686986;3764699;6.73127
713000;687944;3767416;6.66061
714000;688904;3770151;6.33089
715000;689875;3773611;6.95041
716000;690850;3776916;6.70055
717000;691806;3780212;6.49063
718000;692770;3783365;6.65959
719000;693736;3787088;6.64065
720000;694716;3790220;7.14906
721000;695680;3793861;6.96986
722000;696645;3797035;7.10964
723000;697621;3800473;7.20999
724000;698561;3803550;6.24948
725000;699517;3806193;6.37697
726000;700472;3808592;7.25914
727000;701426;3811839;6.30017
728000;702358;3815280;6.5193
729000;703319;3818820;6.72001
730000;704276;3821358;6.16909
731000;705235;3824210;26.6204
732000;706202;3827090;7.34106
733000;707162;3830774;7.5986
734000;708120;3833902;6.96013
735000;709083;3836544;6.8178
736000;710052;3839643;7.09018
737000;711017;3842777;7.6882
738000;711976;3845534;7.09172
739000;712950;3849781;7.00826
740000;713926;3852451;7.41889
741000;714870;3856148;7.12909
742000;715853;3859172;7.32007
743000;716804;3862790;7.26785
744000;717760;3865932;6.94989
745000;718731;3869683;7.20282
746000;719698;3872716;6.98113
747000;720670;3876015;7.49927
748000;721636;3880318;7.81876
749000;722613;3883279;6.65805
750000;723586;3885822;7.46087
751000;724547;3888826;6.8603
752000;725521;3891889;7.14087
753000;726492;3895826;7.37844
754000;727467;3898721;7.05895
755000;728431;3901852;6.91969
756000;729406;3905057;7.08097
757000;730367;3907900;7.29908
758000;731346;3910547;7.60065
759000;732332;3913604;7.35079
760000;733307;3916424;6.77069
761000;734295;3918966;7.36974
762000;735277;3922556;7.25044
763000;736260;3925191;6.89153
764000;737216;3928669;6.99034
765000;738190;3932197;26.3511
766000;739168;3936486;8.02868
767000;740141;3941017;7.2914
768000;741125;3944348;6.98164
769000;742101;3948121;6.47885
770000;743076;3951902;6.90996
771000;744057;3955631;6.97805
772000;745030;3959061;7.11988
773000;745999;3962909;6.84186
774000;746976;3965955;7.509
775000;747948;3969179;6.95041
776000;748929;3971398;6.63041
777000;749888;3974645;6.94938
778000;750853;3977446;6.45069
779000;751810;3980275;6.67956
780000;752744;3983053;6.2505
781000;753704;3986090;6.4809
782000;754662;3988706;6.4809
783000;755633;3991706;7.22893
784000;756606;3994727;6.90023
785000;757558;3997606;6.46196
786000;758519;4000139;6.49268
787000;759474;4003708;6.57972
788000;760430;4006311;7.18951
789000;761399;4009000;7.50081
790000;762362;4011663;7.17108
791000;763335;4014433;7.00058
792000;764284;4017097;7.3298
793000;765248;4020673;6.96116
794000;766214;4023940;7.10913
795000;767178;4026687;6.73025
796000;768134;4029320;7.64827
797000;769092;4031829;6.64116
798000;770059;4034550;7.42913
799000;771006;4038088;6.69082
800000;771925;4040922;6.50138
801000;772859;4043944;25.4418
802000;773811;4046399;7.0994
803000;774769;4048623;7.00161
804000;775710;4051663;6.69953
805000;776664;4055565;7.16954
806000;777629;4058570;7.37741
807000;778605;4061162;6.75841
808000;779577;4064720;6.62938
809000;780527;4068414;6.60122
810000;781501;4071559;6.53978
811000;782480;4074869;6.87105
812000;783443;4077830;6.6386
813000;784397;4080659;6.39796
814000;785367;4083290;6.73076
815000;786295;4086202;6.56948
816000;787257;4088823;7.32058
817000;788207;4091916;6.64167
818000;789170;4095329;6.45837
819000;790145;4097989;6.6386
820000;791120;4100714;6.30068
821000;792085;4104328;6.86951
822000;793051;4107251;6.47834
823000;794019;4110163;6.63092
824000;794994;4114023;7.34874
825000;795930;4116901;6.64935
826000;796884;4120622;7.10759
827000;797851;4123743;6.54746
828000;798810;4126492;6.82855
829000;799791;4129902;6.5577
830000;800762;4133381;7.01082
831000;801740;4135959;6.97037
832000;802717;4138571;7.07943
833000;803696;4142331;6.85773
834000;804669;4145582;7.44039
835000;805641;4148083;24.5412
836000;806613;4151368;6.94938
837000;807593;4155070;8.13006
838000;808525;4157913;6.3698
839000;809470;4160272;6.23053
840000;810421;4162243;5.85012
841000;811373;4164415;6.07284
842000;812317;4166981;6.04877
843000;813259;4169026;6.37236
844000;814212;4171619;6.48909
845000;815166;4173764;6.23104
846000;816123;4176313;6.29863
847000;817083;4178274;6.02266
848000;818041;4180328;6.50957
849000;818974;4182553;6.06004
850000;819932;4185886;6.43892
851000;820880;4187911;6.39949
852000;821830;4190921;6.3488
853000;822785;4193350;6.42049
854000;823727;4195697;6.08052
855000;824679;4198132;6.51674
856000;825638;4200503;6.4297
857000;826595;4203601;6.93863
858000;827556;4206428;6.6089
859000;828524;4209020;6.73127
860000;829498;4211704;6.66164
861000;830467;4214341;6.70874
862000;831424;4217081;6.42049
863000;832370;4220599;6.45069
864000;833338;4223870;6.61965
865000;834304;4226214;6.77889
866000;835254;4229451;6.70977
867000;836218;4233168;7.13985
868000;837181;4235592;6.70055
869000;838127;4238578;6.6386
870000;839088;4242259;7.29908
871000;840042;4245216;7.14138
872000;841020;4247839;6.75892
873000;841988;4250225;7.29908
874000;842959;4253507;7.10913
875000;843913;4255483;6.69133
876000;844898;4259125;26.3921
877000;845860;4261441;7.14036
878000;846829;4264212;7.5602
879000;847797;4267603;7.21255
880000;848763;4270226;6.93044
881000;849722;4273591;6.84903
882000;850699;4276575;7.14036
883000;851667;4280160;7.02004
884000;852625;4283691;6.86132
885000;853570;4286482;6.52084
886000;854545;4289799;7.04922
887000;855524;4292728;7.26068
888000;856493;4295436;7.24686
889000;857469;4298143;7.04871
890000;858436;4301607;7.22023
891000;859418;4306055;7.04155
892000;860392;4309312;6.7881
893000;861363;4312258;6.94938
894000;862327;4316017;6.7794
895000;863297;4318917;7.10247
896000;864281;4322465;7.02157
897000;865246;4325898;7.45063
898000;866214;4329044;6.77121
899000;867182;4332793;7.13934
900000;868151;4336188;6.85978
901000;869116;4338671;6.96013
902000;870093;4341678;6.76046
903000;871070;4345363;7.18081
904000;872027;4348420;6.99188
905000;872997;4350778;7.02925
906000;873983;4353791;6.95041
907000;874948;4356885;8.02765
908000;875930;4360446;7.17927
909000;876921;4363230;24.5095
910000;877889;4367660;7.13012
911000;878865;4371215;7.24993
912000;879849;4375007;7.09991
913000;880812;4377516;6.66932
914000;881777;4381173;7.37127
915000;882759;4384196;7.13012
916000;883737;4386967;6.64884
917000;884707;4390056;6.71847
918000;885687;4393141;7.04103
919000;886645;4397294;6.93863
920000;887626;4400934;6.63962
921000;888596;4404748;6.45837
922000;889570;4408570;7.60833
923000;890543;4412990;6.60122
924000;891516;4416345;7.17108
925000;892495;4419666;7.48954
926000;893470;4423526;6.65959
927000;894449;4426291;6.55873
928000;895407;4431231;6.84903
929000;896391;4435113;6.69953
930000;897357;4438228;6.94938
931000;898327;4441699;6.53159
932000;899316;4444671;6.63911
933000;900302;4447600;7.37076
934000;901277;4451517;6.97908
935000;902250;4455625;7.46906
936000;903232;4459596;7.43169
937000;904204;4463626;7.10861
938000;905190;4468789;7.34209
939000;906157;4472845;7.74043
940000;907123;4476759;6.83879
941000;908097;4480533;25.3875
942000;909080;4485241;6.85722
943000;910054;4489555;7.19258
944000;911021;4492721;6.54951
945000;911981;4496147;6.62989
******************************
Num docs: 945643
Indexed docs: 912609
Vocabulary size: 4498264
Num terms: 455359679
******************************

*** MERGE time: 433.57 second(s)***

*** Total time: 7539.72 second(s)***
